pregen	mscoco_R^2	mscoco_R	mscoco_p	flickr30k_R^2	flickr30k_R	flickr30k_p	flickr8k_R^2	flickr8k_R	flickr8k_p	all_R^2	all_R	all_p
sum_sum_prob_none	0.4894445175961055	0.6996031143413425	8.802551778024535e-28	0.4406263869207132	0.6637969470558849	3.1372511990287654e-24	0.574550341278534	0.7579909902357244	7.280734700680605e-35	0.3943469102192873	0.6279704692254942	1.4302778508300786e-60
sum_sum_prob_filter0	0.5818226649330112	0.7627730100973756	1.5598796139381098e-35	0.6013515648982942	0.7754686098729556	2.1751357100527323e-37	0.613232967293997	0.7830919277415628	1.4581408820235776e-38	0.44585613278954733	0.6677245935185758	5.561817252524156e-71
sum_sum_prob_prefix0	4.106472369119368e-05	0.006408176315551382	0.9319619804462285	0.0012352756060196772	0.0351464878191218	0.6394990794527036	4.9599843699962884e-05	0.00704271564809789	0.9252435367890038	0.07268034961171391	0.26959293316352695	1.908297662334907e-10
sum_sum_pplx_none	0.1303598746243604	-0.36105383895530097	6.381673157462535e-07	0.1113814833807666	-0.3337386453211054	4.686917249690932e-06	0.13111412734636343	-0.36209684802047565	5.891617377202289e-07	8.460732112899828e-05	-0.009198223802941429	0.8311268201899511
sum_sum_count_none	0.0002382981955112348	-0.015436910167233428	0.8370430128295332	0.0024993928789502065	-0.04999392842086133	0.5051024196423679	0.0007467677820954788	-0.02732705220281688	0.715749974160628	0.056315896518874184	0.23730970590954384	2.3813923357645794e-08
sum_sum_count_filter0	0.01767838245138481	-0.1329600784122242	0.07518607344075691	0.01716880596570409	-0.13102979037495285	0.07955586576350566	0.015743522326851098	-0.1254731936584508	0.09328639314810487	0.02489037857025231	0.15776684876821337	0.00023254835330806012
sum_sum_count_prefix0	0.07454836377134738	0.2730354624794138	0.0002086170296732771	0.03201680334991939	0.1789323988268178	0.01624633692455538	0.03562160749258972	0.1887368736961321	0.011168683884219299	0.16008596461461416	0.4001074413387161	3.5417667487901604e-22
sum_sum_normcount_none	5.270645499755481e-06	-0.0022957886443998893	0.9755991550791027	1.1432157925597148e-05	-0.0033811474273679858	0.9640698863764736	2.2582248086892533e-05	-0.004752078291326073	0.94951805481435	0.06457380040500194	0.2541137548520385	2.0985695890547528e-09
sum_sum_normcount_filter0	0.015116152119145406	-0.12294776174922993	0.1001204764894269	0.00883886786458824	-0.09401525336129367	0.20935466047357232	0.012416962391167153	-0.11143142461248152	0.13642521975615945	0.03110445921873741	0.17636456338714251	3.769160995820427e-05
sum_sum_normcount_prefix0	0.08267035224503386	0.2875245245975269	9.091603980330724e-05	0.05163409725039302	0.22723137382499148	0.0021577048018271115	0.04716335552175415	0.2171712585075524	0.0034072085230713338	0.16934849253295067	0.4115197352897558	1.7448968494053588e-23
sum_mean_prob_none	0.4894446797976306	0.6996032302652916	8.8023014633702e-28	0.4406263869207132	0.6637969470558849	3.1372511990287654e-24	0.5745503412785338	0.7579909902357242	7.280734700680942e-35	0.39434698669265456	0.6279705301147933	1.4302291340952585e-60
sum_mean_prob_filter0	0.5818227791648178	0.7627730849766645	1.5598415407039527e-35	0.6013515648982941	0.7754686098729555	2.1751357100528133e-37	0.613232967293997	0.7830919277415628	1.4581408820235776e-38	0.4458561930086651	0.6677246386113553	5.561654297245582e-71
sum_mean_prob_prefix0	4.0915864040040495e-05	0.00639655094875672	0.9320851150653102	0.001235275606019678	0.035146487819121816	0.6394990794527036	4.959984369996324e-05	0.007042715648097915	0.9252435367890038	0.07267229686153262	0.2695779977326277	1.9128616939462029e-10
sum_mean_pplx_none	0.13036007000898875	-0.3610541095306751	6.381541117244072e-07	0.1113814833807666	-0.3337386453211054	4.686917249690932e-06	0.13111412734636343	-0.36209684802047565	5.891617377202289e-07	8.637666761380488e-05	-0.009293904863608454	0.8293969853688714
sum_mean_count_none	0.000237608449709204	-0.01541455317903195	0.8372757459758045	0.0024993928789502086	-0.04999392842086135	0.5051024196423585	0.0007467677820954786	-0.027327052202816875	0.715749974160628	0.05631087485735196	0.23729912527725835	2.3849038147365015e-08
sum_mean_count_filter0	0.01767552350714991	-0.13294932683977723	0.07520986338560266	0.017168805965704075	-0.1310297903749528	0.07955586576350566	0.015743522326851098	-0.1254731936584508	0.09328639314810487	0.024880693634320536	0.1577361519573764	0.0002332107576368958
sum_mean_count_prefix0	0.07456532393487596	0.2730665192492041	0.00020825605704810385	0.03201680334991939	0.1789323988268178	0.01624633692455538	0.03562160749258972	0.1887368736961321	0.011168683884219299	0.1600962660003185	0.4001203144059528	3.529989750494016e-22
sum_mean_normcount_none	5.079228997863598e-06	-0.002253714488985594	0.976046206772119	1.1432157925597125e-05	-0.0033811474273679823	0.9640698863764736	2.2582248086892624e-05	-0.004752078291326083	0.94951805481435	0.0645752693524329	0.2541166451699552	2.097660644193092e-09
sum_mean_normcount_filter0	0.015109642195892047	-0.1229212845519117	0.10019416838993798	0.008838867864588243	-0.09401525336129368	0.20935466047357232	0.012416962391167156	-0.11143142461248154	0.13642521975615945	0.031098108015161767	0.1763465565730212	3.7761621931619424e-05
sum_mean_normcount_prefix0	0.0827015485274483	0.28757876925713466	9.062598153443119e-05	0.051634097250392995	0.22723137382499142	0.0021577048018271115	0.04716335552175415	0.2171712585075524	0.0034072085230713338	0.1693696828473896	0.4115454808977856	1.7328575109149675e-23
sum_median_prob_none	0.5097605252633319	0.7139751573152472	2.3253227469970264e-29	0.20230402060251074	0.4497821924026236	2.3856127369305344e-10	0.5614227106869304	0.749281462927604	1.1008203314131554e-33	0.4172603007561133	0.6459568876915187	4.3420657344801714e-65
sum_median_prob_filter0	0.5773328473025067	0.7598242213186591	4.050646225951278e-35	0.45199490013795063	0.6723056597545127	4.983157314728777e-25	0.5646794672850303	0.7514515734796423	5.654482432478885e-34	0.4202798021295312	0.6482899059290768	1.0696300898191647e-65
sum_median_prob_prefix0	3.917677377178649e-08	-0.00019793123495746317	0.9978959602649071	0.0003996312720362927	0.019990779675547743	0.789959992158896	6.524009247476749e-05	-0.008077133927004522	0.9143027487720159	0.07084873988506016	0.26617426600830546	3.284378637041382e-10
sum_median_pplx_none	0.14556400343761822	-0.3815285093379238	1.2615414058532304e-07	0.1177526271655811	-0.34315102675874526	2.4080442983059513e-06	0.1301580729011448	-0.3607742686239483	6.519506848439658e-07	0.0011164581691741288	-0.03341344294103989	0.4384133152013351
sum_median_pplx_filter0	0.08524734858249745	-0.29197148590658206	6.981250756392794e-05	0.08366705343454228	-0.28925257723059666	8.209029488325073e-05	0.08045224528161565	-0.2836410500643651	0.0001140946973325587	0.005236562602917981	0.07236409747186778	0.09297757662292605
sum_median_count_none	0.00013043191358322513	-0.011420679208489534	0.8790591827266226	0.0012871626631976742	-0.035877049254330745	0.632549331794214	0.0006108033758731108	-0.024714436588219257	0.7419143943047952	0.057972948066028755	0.24077572150453366	1.4641060392506392e-08
sum_median_count_filter0	0.017544962310064114	-0.1324573980948747	0.07630488571299059	0.015015345744421541	-0.12253711986341748	0.10126821521400259	0.01686117456882977	-0.1298505855544355	0.08232458352693714	0.02554663792717158	0.1598331565325905	0.00019179666167563794
sum_median_count_prefix0	0.048160713436420685	0.21945549306504197	0.0030767748782323215	0.020722356945889378	0.14395262048983123	0.05386438913031647	0.01815154045833692	0.13472765290888475	0.07135702730378263	0.13854600434828013	0.37221768408859907	3.452370555421823e-19
sum_median_normcount_none	5.079228997863598e-06	-0.002253714488985594	0.976046206772119	1.1432157925597125e-05	-0.0033811474273679823	0.9640698863764736	2.2582248086892624e-05	-0.004752078291326083	0.94951805481435	0.0645752693524329	0.2541166451699552	2.097660644193092e-09
sum_median_normcount_filter0	0.015029886033952354	-0.12259643564946068	0.10110178919537054	0.008779656750287131	-0.09369982257340262	0.21089381421413217	0.012601326179694457	-0.11225562872165679	0.13353124082330364	0.03109607685327319	0.17634079747260187	3.7784039758257704e-05
sum_median_normcount_prefix0	0.057906015227812184	0.24063668720253814	0.00113817427236768	0.04674722526176922	0.21621106646462207	0.0035554258478329927	0.031554791270487124	0.17763668334690086	0.017049086067433765	0.1510134941957791	0.38860454731742283	6.5575440467706615e-21
sum_geomean_prob_none	0.5207181871361642	0.7216080564518139	3.0776541134401983e-30	0.35201125207235456	0.5933053615739154	1.6904862460443398e-18	0.6439835868381326	0.8024858795256977	8.936976687726262e-42	0.4003373686207435	0.6327221891325951	9.793024737119366e-62
sum_geomean_prob_filter0	0.581371755374864	0.7624773802381707	1.7175582761883632e-35	0.5246299621158309	0.7243134418991759	1.4786470404238773e-30	0.5385973294698015	0.7338919058484032	1.0270084874266244e-31	0.41555060391107146	0.6446321461974042	9.568220755599629e-65
sum_geomean_prob_prefix0	0.015814361116613426	0.12575516337953455	0.09254696281075399	0.0355835026511491	0.18863589968812697	0.011212869659177449	0.003936718783614573	-0.06274327680010483	0.4027332777396496	0.10529744565561865	0.3244956789475303	1.047412562322226e-14
sum_geomean_pplx_none	0.14041771682482326	-0.3747235205118879	2.189253994538893e-07	0.11743195247191311	-0.3426834581241311	2.49032599394361e-06	0.13019370593178528	-0.360823649352125	6.494956101556229e-07	0.00083232177799987	-0.028849987486996766	0.5034962118332009
sum_geomean_count_none	0.00018247690726791457	-0.013508401358706906	0.857168408887117	0.0017230419540811921	-0.041509540518791486	0.5800801597291168	0.0006619949162114707	-0.025729261866821417	0.7317141936440896	0.05788576152741024	0.24059459995479998	1.5020796267807694e-08
sum_geomean_count_filter0	0.02291901579174366	-0.1513902764108173	0.042491774056250674	0.018153243018952176	-0.13473397128769038	0.0713436297540671	0.018903928466072414	-0.13749155779927877	0.0656886208924587	0.022074297400310854	0.1485742151260132	0.0005326123257796319
sum_geomean_count_prefix0	0.1356559094054209	0.36831495951891624	3.6374569323906076e-07	0.10219634861632676	0.31968163634517194	1.2174304113367847e-05	0.010355852822641645	0.1017637107354171	0.1740441649996374	0.19802110341717827	0.4449956217955164	1.2724004789401498e-27
sum_geomean_normcount_none	5.079228997863598e-06	-0.002253714488985594	0.976046206772119	1.1432157925597125e-05	-0.0033811474273679823	0.9640698863764736	2.2582248086892624e-05	-0.004752078291326083	0.94951805481435	0.0645752693524329	0.2541166451699552	2.097660644193092e-09
sum_geomean_normcount_filter0	0.0199635286002972	-0.1412923515279479	0.0585000649822573	0.010597498500824358	-0.10294415233914143	0.16907717862694405	0.014850035396556502	-0.12186072130328338	0.10318136701385208	0.02717091051496741	0.1648360109774785	0.00011912557979634354
sum_geomean_normcount_prefix0	0.14530239459919567	0.38118551205311524	1.2974744601430597e-07	0.1377158015015626	0.37110079695624826	2.920982199742003e-07	0.01724220067949313	0.13130956050300804	0.07891011976548279	0.20704846507089653	0.45502578506156827	5.924215444578622e-29
sum_max_prob_none	0.4870260246429576	0.6978724988441353	1.3437640555786198e-27	0.43769585841182534	0.6615858662424896	5.01107791874604e-24	0.5589923014552367	0.7476578772775933	1.8040271070246986e-33	0.39134772022432224	0.6255779089964113	5.421916164538234e-60
sum_max_prob_filter0	0.5812084970313082	0.7623703148938239	1.7784519336426252e-35	0.6000546539582556	0.7746319474164848	2.9072918119272605e-37	0.6106514392724349	0.7814418975665657	2.641382653920278e-38	0.4453631010873836	0.667355303483372	7.068874431424112e-71
sum_max_prob_prefix0	0.00026986594189223526	0.016427596960366275	0.8267445798785262	0.0008654367074652095	0.029418305652522028	0.6950410930356491	0.0017054522003236683	0.041297120968944896	0.5820217775525902	0.07550932751634497	0.2747896059103127	8.237281625375886e-11
sum_max_pplx_none	0.11978201536318966	-0.34609538477591645	1.946407901329629e-06	0.10494387218320753	-0.32395041624175686	9.156363214074465e-06	0.13046844532730206	-0.3612041601744117	6.308717473839907e-07	4.5802410837387635e-05	0.00676774784085427	0.8753192386559777
sum_max_count_none	0.0009208148531171904	-0.030344931259061875	0.6859356382450781	0.007696772700934462	-0.08773125270355178	0.2415595130985595	0.0012787585274059298	-0.03575973332403263	0.6336631995440551	0.047427302204715895	0.21777810313416704	3.214059665463171e-07
sum_max_count_filter0	0.009729174106427532	-0.09863657590583491	0.18772337586246343	0.01778452597990105	-0.13335863669032108	0.0743084757646422	0.009826791080692591	-0.09913017240322237	0.1855134281522936	0.029347462749282738	0.17131101175722108	6.299538059950802e-05
sum_max_count_prefix0	0.10535625351525173	0.3245862805407088	8.7726952894549e-06	0.0364147974688366	0.1908266162484589	0.010288014555775066	0.06073365159900656	0.24644198424579883	0.0008532441120061428	0.18182467933970928	0.4264090516624961	2.875072971340136e-25
sum_max_normcount_none	5.079228997863598e-06	-0.002253714488985594	0.976046206772119	1.1432157925597125e-05	-0.0033811474273679823	0.9640698863764736	2.2582248086892624e-05	-0.004752078291326083	0.94951805481435	0.0645752693524329	0.2541166451699552	2.097660644193092e-09
sum_max_normcount_filter0	0.005759750280921425	-0.07589301865732727	0.3112611736701768	0.0035120092012434646	-0.0592622071917969	0.42938665937610687	0.005024801445934934	-0.0708858338875613	0.3443537633355064	0.04310237884827356	0.20761112409568414	1.1365612040280227e-06
sum_max_normcount_prefix0	0.10638005673681328	0.32615955717533907	7.887820206750137e-06	0.05415061246631936	0.23270284155187998	0.0016690920058356744	0.061971943115243525	0.24894164600412588	0.000752105926159292	0.18539949618761484	0.4305804177939527	8.768906304375685e-26
sum_min_prob_none	0.2788626060988828	0.5280744323472618	2.576298800911531e-14	0.3369400902935954	0.580465408352294	1.336331083691002e-17	0.3737031042396213	0.6113126076236456	7.931315006940381e-20	0.21802413066744067	0.4669305415877619	1.3591520559672763e-30
sum_min_prob_filter0	0.27572950729264833	0.5250995213220522	3.8099991291577807e-14	0.28111476797309687	0.5302025725824959	1.942728045482384e-14	0.3414600147928165	0.5843458006975121	7.223128502724735e-18	0.21515294550689945	0.46384582083586723	3.66658073370213e-30
sum_min_prob_prefix0	0.0010140497400752094	-0.031844147658168044	0.6712994218378405	0.01856768738976322	0.13626330169845152	0.06816045192898643	0.03007039329866524	-0.17340816964222083	0.019913616148006942	0.060311478317083	0.24558395370439617	7.363511816894992e-09
sum_min_pplx_none	0.13444457632296866	-0.36666684650097375	4.137510242610179e-07	0.11112318525698095	-0.33335144406014044	4.8148539866560025e-06	0.12775134688771392	-0.35742320418198076	8.409441849792587e-07	0.0014242536187681926	-0.03773928482057116	0.38143172425454497
sum_min_pplx_filter0	0.11757883454943979	-0.34289770274739345	2.452296944920249e-06	0.09509990496079296	-0.30838272480927487	2.5348602287642975e-05	0.09750792636119743	-0.3122625919978207	1.9771386985631248e-05	0.0005411335324860897	0.02326227702711172	0.5896199763280616
sum_min_count_none	6.570907285914778e-06	-0.0025633781004593876	0.9727561130867716	0.00023894204787606695	-0.01545775041447063	0.8368260814791035	0.00033904291170259575	-0.018413117924528582	0.8061949986513512	0.06552568810069732	0.25597985877935264	1.5847649833595623e-09
sum_min_count_filter0	0.04428203080735667	-0.2104329603635245	0.00457676110880735	0.02331954227906144	-0.15270737467149856	0.040704264845459234	0.031166761732927914	-0.17654110493856073	0.017754548985126826	0.014244063804266526	0.11934849728533044	0.0054877824016788855
sum_min_count_prefix0	0.06772804843640354	0.26024613049266176	0.00041833751538830806	0.06318920421919326	0.2513746292273611	0.000664377459824975	6.218504946326703e-05	0.007885749771788795	0.9163258204799286	0.15088270082045557	0.3884362249075845	6.837880049714129e-21
sum_min_normcount_none	5.079228997863598e-06	-0.002253714488985594	0.976046206772119	1.1432157925597125e-05	-0.0033811474273679823	0.9640698863764736	2.2582248086892624e-05	-0.004752078291326083	0.94951805481435	0.0645752693524329	0.2541166451699552	2.097660644193092e-09
sum_min_normcount_filter0	0.04455487218168743	-0.21108025057235325	0.004450515671234174	0.022942348847121756	-0.1514673194029714	0.04238543166679322	0.030403049652565538	-0.17436470300082393	0.019231517474001376	0.013266284331823603	0.1151793572295991	0.007378815222937552
sum_min_normcount_prefix0	0.08789300740777242	0.2964675486588244	5.321315085873111e-05	0.11344876185581332	0.3368215578846065	3.7774408854270283e-06	0.0040386343998077955	0.06355025098146974	0.3966979619132195	0.1697937979178879	0.4120604299346006	1.508570529039998e-23
sum_join_prob_none	0.4894445175961055	0.6996031143413425	8.802551778024535e-28	0.4406263869207131	0.6637969470558848	3.1372511990288216e-24	0.574550341278534	0.7579909902357244	7.280734700680605e-35	0.3943469102192873	0.6279704692254942	1.4302778508300786e-60
sum_join_prob_filter0	0.5818226649330112	0.7627730100973756	1.5598796139381098e-35	0.6013515648982942	0.7754686098729556	2.1751357100527323e-37	0.613232967293997	0.7830919277415628	1.4581408820235776e-38	0.44585613278954717	0.6677245935185757	5.561817252524472e-71
sum_join_prob_prefix0	4.106472369119387e-05	0.0064081763155513964	0.9319619804462285	0.0012352756060196772	0.0351464878191218	0.6394990794527036	4.959984369996303e-05	0.007042715648097901	0.9252435367890038	0.07268034961171391	0.26959293316352695	1.908297662334907e-10
sum_join_pplx_none	0.1303598746243605	-0.3610538389553011	6.381673157462459e-07	0.1113814833807666	-0.3337386453211054	4.686917249690932e-06	0.1311141273463634	-0.3620968480204756	5.891617377202289e-07	8.46073211289984e-05	-0.009198223802941436	0.8311268201899511
sum_join_count_none	0.0002382981955112348	-0.015436910167233428	0.8370430128295332	0.0024993928789502065	-0.04999392842086133	0.5051024196423679	0.0007467677820954788	-0.02732705220281688	0.715749974160628	0.056315896518874184	0.23730970590954384	2.3813923357645794e-08
sum_join_count_filter0	0.01767838245138481	-0.1329600784122242	0.07518607344075691	0.01716880596570409	-0.13102979037495285	0.07955586576350566	0.015743522326851098	-0.1254731936584508	0.09328639314810487	0.02489037857025231	0.15776684876821337	0.00023254835330806012
sum_join_count_prefix0	0.07454836377134738	0.2730354624794138	0.0002086170296732771	0.03201680334991939	0.1789323988268178	0.01624633692455538	0.03562160749258972	0.1887368736961321	0.011168683884219299	0.16008596461461416	0.4001074413387161	3.5417667487901604e-22
sum_join_normcount_none	5.270645499755481e-06	-0.0022957886443998893	0.9755991550791027	1.1432157925597148e-05	-0.0033811474273679858	0.9640698863764736	2.2582248086892533e-05	-0.004752078291326073	0.94951805481435	0.06457380040500194	0.2541137548520385	2.0985695890547528e-09
sum_join_normcount_filter0	0.015116152119145406	-0.12294776174922993	0.1001204764894269	0.008838867864588233	-0.09401525336129363	0.20935466047357232	0.012416962391167163	-0.11143142461248157	0.13642521975615945	0.0311044592187374	0.1763645633871425	3.769160995820427e-05
sum_join_normcount_prefix0	0.08267035224503383	0.28752452459752686	9.09160398033093e-05	0.05163409725039302	0.22723137382499148	0.0021577048018271115	0.04716335552175416	0.21717125850755242	0.0034072085230713338	0.16934849253295062	0.4115197352897557	1.7448968494053588e-23
mean_sum_prob_none	0.6845181939618891	0.8273561469898493	1.84517212215215e-46	0.5794217421163694	0.7611975710131827	2.6016883073548865e-35	0.79351397437272	0.890794013435609	7.095555443713726e-63	0.6631124868760832	0.8143171905812152	3.3005607577467866e-129
mean_sum_prob_filter0	0.8379858902496795	0.9154156925952709	2.9123203795867644e-72	0.7904101386953278	0.8890501328357855	2.682319040582218e-62	0.8478976083372869	0.920813557859183	1.0510526226256705e-74	0.7884320395224359	0.8879369569527084	1.3607313520282587e-183
mean_sum_prob_prefix0	0.02685961593802849	0.16388903544175398	0.027922765119632105	0.15621400513945674	0.3952391746012239	3.9971643051635364e-08	0.015193246692160012	0.12326088873669544	0.09925222092866463	0.1618084974949854	0.4022542697038596	2.0281994469914553e-22
mean_sum_pplx_none	0.9159275601959629	-0.9570410441543052	1.2278442554471256e-97	0.7887304363427392	-0.8881049692140784	5.463854453617579e-62	0.8828891276261923	-0.9396218003144629	8.090955061905385e-85	0.6865529139042941	-0.8285848863600482	1.2184940371909944e-137
mean_sum_count_none	0.9508380508273006	-0.9751092507136319	2.1975131416327115e-118	0.8279574650524063	-0.9099216807244491	6.140522054883979e-70	0.4374404090051751	-0.6613927796742077	5.219274712512809e-24	0.26245383378021264	-0.5123024826996377	1.8192256480931217e-37
mean_sum_count_filter0	0.9808889953375282	-0.9903984023298544	6.52373504380439e-155	0.967411313964001	-0.9835706959664877	2.79372046116757e-134	0.982291105026899	-0.9911060009034851	7.395995668925218e-158	0.6591479933339222	-0.8118792972689488	7.70292690017106e-128
mean_sum_count_prefix0	0.9945174176512931	0.997254941151606	3.523547710870016e-203	0.7185573553460027	0.8476776246581024	6.960665405822564e-51	0.7711112498803048	0.8781294038353942	6.893251664557839e-59	0.874019534610601	0.9348901190036191	3.523982529199687e-244
mean_sum_normcount_filter0	0.981179947557229	-0.9905452778935595	1.665149785086427e-155	0.9333011516789493	-0.966075127347221	1.3723622438779545e-106	0.9562543759825033	-0.9778825982614188	6.74378782226851e-123	0.851212426401188	-0.9226117419593076	9.808883951546318e-225
mean_sum_normcount_prefix0	0.9949961469169653	0.9974949357851223	1.0358627501960677e-206	0.839420531123931	0.9161989582639412	1.3185040886608398e-72	0.8836230182285234	0.9400122436588384	4.622110953597244e-85	0.9298808000660262	0.9643032718320654	1.208406263075e-312
mean_mean_prob_none	0.6845182352962988	0.8273561719696656	1.8451505513222175e-46	0.5794217421163694	0.7611975710131827	2.6016883073548865e-35	0.79351397437272	0.890794013435609	7.095555443713726e-63	0.6631124695109379	0.8143171799188188	3.3006065660451595e-129
mean_mean_prob_filter0	0.8379858960544779	0.9154156957658515	2.9123110829038316e-72	0.7904101386953278	0.8890501328357855	2.682319040582218e-62	0.8478976083372877	0.9208135578591834	1.051052622625158e-74	0.7884320322235243	0.887936952842669	1.3607439863062334e-183
mean_mean_prob_prefix0	0.02672555433874483	0.1634795226893718	0.02832168645534902	0.15621400513945669	0.3952391746012238	3.9971643051635364e-08	0.015193246692160071	0.12326088873669568	0.09925222092866463	0.16174776127064566	0.4021787678018889	2.0684992596946712e-22
mean_mean_pplx_none	0.9156668715934907	-0.956904839361517	1.617596523057321e-97	0.7887304363427386	-0.8881049692140781	5.4638544536189225e-62	0.8828891276261925	-0.939621800314463	8.090955061904105e-85	0.6864797264886399	-0.8285407210805271	1.2975407713664857e-137
mean_mean_count_none	0.9497105165920932	-0.9745309213114242	1.6544945089314595e-117	0.8279574650524067	-0.9099216807244493	6.140522054882656e-70	0.4374404090051752	-0.6613927796742078	5.219274712512716e-24	0.2624433484377663	-0.5122922490510337	1.8262320611408216e-37
mean_mean_count_filter0	0.9807707279131055	-0.9903386935352498	1.1297496800393622e-154	0.9674113139640008	-0.9835706959664876	2.793720461169264e-134	0.982291105026899	-0.9911060009034851	7.395995668925218e-158	0.6587029945915311	-0.8116051962571033	1.0945184469163455e-127
mean_mean_count_prefix0	0.9945179603767472	0.997255213261253	3.49263848485338e-203	0.7185573553460028	0.8476776246581025	6.960665405822199e-51	0.771111249880305	0.8781294038353943	6.893251664557317e-59	0.8738779247868932	0.9348143798567142	4.767753467615078e-244
mean_mean_normcount_filter0	0.9810543604470944	-0.990481882947434	3.009899895149867e-155	0.9333011516789494	-0.9660751273472211	1.3723622438775477e-106	0.9562543759825031	-0.9778825982614187	6.743787822271557e-123	0.8503222172135312	-0.9221291759908322	4.883584295369057e-224
mean_mean_normcount_prefix0	0.9949953558126985	0.9974945392395381	1.0505404523061792e-206	0.8394205311239312	0.9161989582639413	1.318504088660698e-72	0.8836230182285234	0.9400122436588384	4.622110953597244e-85	0.9299114999650557	0.9643191898770115	1.07410241431e-312
mean_median_prob_none	0.6612256301665338	0.8131578138138585	1.0635459856132097e-43	0.2672196325766135	0.5169329091638619	1.0938862419633802e-13	0.7108884215255881	0.8431419936912098	7.657230132713605e-50	0.58369154956559	0.7639970874064835	1.885296215803933e-104
mean_median_prob_filter0	0.7293866206626928	0.854041345991336	2.1029797899673708e-52	0.5938073701652787	0.7705889761508912	1.1609500882283532e-36	0.7219078657465791	0.8496516143376526	2.391935114471123e-51	0.6082507779170852	0.7799043389525956	1.4553911166293813e-111
mean_median_prob_prefix0	0.0001756299485554007	0.013252544984092705	0.8598456846460567	0.04908960323517672	0.2215617368481677	0.002798062144312753	0.0021618032316934586	-0.04649519579153806	0.5353973753049099	0.11439885108988883	0.33822899208951446	6.429635528752178e-16
mean_median_pplx_none	0.8877117139884535	-0.9421845434884046	1.9118145038400184e-86	0.7679209231450154	-0.8763109739955419	2.367765179145381e-58	0.8621506300434141	-0.9285206675370312	1.6404745634884387e-78	0.7298331725259102	-0.8543027405585857	5.169544572031617e-155
mean_median_pplx_filter0	0.8611729795817944	-0.9279940622556776	3.078740224168073e-78	0.7606446281981767	-0.8721494299706769	3.7120696853251845e-57	0.8638351139165763	-0.9294273042667599	5.486829713141523e-79	0.5719985278856066	-0.7563058428212799	3.27963582774116e-101
mean_median_count_none	0.9218026574979934	-0.9601055449782557	1.9394748480503667e-100	0.647524985609855	-0.8046893721243341	3.661087601354055e-42	0.333362364200666	-0.5773754101108446	2.168489677915367e-17	0.2534054332650841	-0.5033939146087129	4.91947696072195e-36
mean_median_count_filter0	0.98038802699931	-0.9901454574956702	6.5278078695794e-154	0.9654324253195481	-0.9825642092604168	5.311360532639269e-132	0.9802935079262142	-0.9900977264524013	1.0014362137638163e-153	0.6959844243721738	-0.8342568096049164	3.26344427123785e-141
mean_median_count_prefix0	0.9890256362604636	0.9944976803695741	2.3564148815159743e-176	0.6177939630198976	0.7859987042100627	5.0547458807408535e-39	0.6370931971959617	0.7981811806826579	4.947884340564194e-41	0.8256012044940253	0.9086259981389622	3.572635060087696e-206
mean_median_normcount_filter0	0.980239683144766	-0.9900705445294118	1.276623420853907e-153	0.9229953269167518	-0.9607264579039925	4.9355951961905976e-101	0.9528179522373116	-0.9761239430714276	5.657566730786744e-120	0.8431802768939666	-0.9182484831972044	1.3677952404409167e-218
mean_median_normcount_prefix0	0.9920877371356758	0.9960360119672761	5.328301029650563e-189	0.8045108217113558	0.8969452724170833	5.403709544549149e-65	0.7759087172148769	0.8808568085761027	1.0431394523663788e-59	0.849301768912199	0.9215756989592331	3.039254621195333e-223
mean_geomean_prob_none	0.6676555291637455	0.8171019086770912	1.9231966736493452e-44	0.4583720268352376	0.677031776828265	1.746230196951381e-25	0.8327894678205491	0.9125729931466026	4.8510121611613844e-71	0.6008769172040607	0.7751625101899993	2.2088345280427225e-109
mean_geomean_prob_filter0	0.7342124029687687	0.8568619509400384	4.225998766135832e-53	0.6787289301205078	0.8238500653155936	9.34784109005347e-46	0.7228836619090292	0.8502256535232451	1.7482175768612432e-51	0.5822218235366184	0.763034614900673	4.8711825731418934e-104
mean_geomean_prob_prefix0	0.676336695145419	0.8223969206808954	1.8122153133694222e-45	0.5633191224390202	0.7505458829672041	7.47314659138103e-34	0.10470724974812326	-0.32358499617275716	9.383987361116491e-06	0.3231029246808377	0.568421432284918	1.5509481171012383e-47
mean_geomean_pplx_none	0.8920025340644098	-0.9444588577933979	5.949119999225948e-88	0.7948096683252772	-0.8915209859141159	4.048846906141369e-63	0.8744849152862003	-0.9351389818022775	3.880033806588564e-82	0.743762336751723	-0.8624165679946802	3.352054008406454e-161
mean_geomean_count_none	0.9363809368306955	-0.9676677822634664	2.0393747374443274e-108	0.7578030579145214	-0.8705188440892715	1.0631253954871124e-56	0.3888166783365252	-0.6235516645287102	8.847009941209717e-21	0.25020459725748795	-0.5002045554145703	1.5646881268074586e-35
mean_geomean_count_filter0	0.9835420732987311	-0.9917368972155524	1.0891038164233706e-160	0.9747591994715639	-0.9872989412895994	3.704990288519317e-144	0.9849042783244685	-0.9924234370088548	4.981744334847991e-164	0.725830519889053	-0.8519568767778408	2.708734446504025e-153
mean_geomean_count_prefix0	0.9697696604165501	0.9847688360303397	3.484495535594744e-137	0.7787327319881577	0.8824583457524541	3.367994991374556e-60	0.2044183594779134	0.45212648614952144	1.8744255608285933e-10	0.714749094463727	0.8454283496924663	1.1615060393425279e-148
mean_geomean_normcount_filter0	0.9839203189840706	-0.9919275774894408	1.3749658200504457e-161	0.9409638700023677	-0.9700329221229389	2.622247826438119e-111	0.9629788332324072	-0.9813148491857275	2.3783627543663095e-129	0.8604325084289316	-0.9275950131544108	3.2796522892773375e-232
mean_geomean_normcount_prefix0	0.9707492877818497	0.9852660999861153	1.856254414252406e-138	0.8546492119707751	0.924472396543442	1.840621689322227e-76	0.33929528229134576	0.5824905855817292	9.70312194454501e-18	0.7911140308644956	0.8894459122760054	4.391460149758385e-185
mean_max_prob_none	0.6853144651279781	0.8278372213955942	1.47267725678142e-46	0.5740097619479938	0.7576343194100923	8.155607714865154e-35	0.7808134848003792	0.8836365116949272	1.450784080829566e-60	0.6624418941887577	0.8139053349061902	5.6379593669667823e-129
mean_max_prob_filter0	0.8427469914870803	0.9180125225110387	2.0423498422755426e-73	0.786744416504588	0.8869861422280441	1.2580219931092281e-61	0.8504124039182368	0.9221780760342532	2.380064948282777e-75	0.7939890477411622	0.8910606307884791	1.053718762892887e-186
mean_max_prob_prefix0	0.219583147296883	0.46859699881335454	3.267375187370404e-11	0.1781534700945948	0.42208230251290424	3.602439779005677e-09	0.25348394269466645	0.5034718886836349	5.858553600536465e-13	0.24037370331208519	0.49027920954501547	5.306345915003901e-34
mean_max_pplx_none	0.922439368518502	-0.9604370716077665	9.365424866641097e-101	0.7282027375173603	-0.8533479580554232	3.1039157717061146e-52	0.8539334500772938	-0.9240851963305623	2.851116738333685e-76	0.5781206249252945	-0.7603424392504304	6.76712253831087e-103
mean_max_count_none	0.9634570287714216	-0.9815584693595291	7.475765007981806e-130	0.8987094154780758	-0.9480028562605051	1.9710009019341283e-90	0.6801332700111834	-0.8247019279783353	6.3232867558988285e-46	0.27871348038022264	-0.5279332158334259	4.392517028970643e-40
mean_max_count_filter0	0.9786349386624748	-0.9892597933113803	1.3317597880197718e-150	0.9219548661076435	-0.9601848083091314	1.6305725750504629e-100	0.9586213975321228	-0.9790921292361219	4.766946867361877e-125	0.48293483714128	-0.6949351316067421	4.337363522783706e-79
mean_max_count_prefix0	0.9894754725778817	0.9947238172366648	5.680985511257933e-178	0.6889628433929942	0.8300378566023324	5.202737478518665e-47	0.8328236966095526	0.9125917469545474	4.763327656577968e-71	0.8571189628761412	0.9258071953037205	1.8107494823777197e-229
mean_max_normcount_filter0	0.9814362156074049	-0.9906746265083228	4.914318861986071e-156	0.9003920068306147	-0.9488898812984649	4.43425547711134e-91	0.9298597992871872	-0.9642923826761193	1.2100210900347814e-104	0.8379573929150431	-0.9154001272203556	9.222346726883496e-215
mean_max_normcount_prefix0	0.9913715191912923	0.9956764128929099	1.1916176301420297e-185	0.8190506366248496	0.9050141637702968	5.5145691202089015e-68	0.9161784583714818	0.9571721153332257	9.409399596967989e-98	0.9371641785940076	0.9680724035907684	0.0
mean_min_prob_none	0.3529398103420037	0.5940873760163599	1.4860349074007248e-18	0.4242485236373931	0.6513436294594376	4.168835262864844e-23	0.46901409798584354	0.684846039621931	2.952724362807503e-26	0.2642802694422809	0.51408196762995	9.305512442897621e-38
mean_min_prob_filter0	0.3487499417853974	0.590550541262471	2.6547242749318687e-18	0.371314060135436	0.6093554464640781	1.1164996752099057e-19	0.4518988869634452	0.6722342500672256	5.061987798784536e-25	0.25730062073862286	0.5072480859881315	1.195497652655738e-36
mean_min_prob_prefix0	0.062434245289949536	-0.24986845597223659	0.0007175004921204199	0.33787732331947745	0.5812721594223118	1.1766744988407876e-17	0.4161185241903709	-0.6450724952982966	1.465841208481398e-22	0.013008374363805328	0.11405426061224248	0.007980312819095139
mean_min_pplx_none	0.8746901193906479	-0.9352486938727302	3.353830827677717e-82	0.8412436253586526	-0.9171933413183136	4.7673762979829356e-73	0.877694809195782	-0.9368536754455212	3.861072240472538e-83	0.7532731872342805	-0.8679131219392183	1.2700054581605428e-165
mean_min_pplx_filter0	0.8830565011958986	-0.9397108604224486	7.123252171140436e-85	0.8352598056632184	-0.9139254924025363	1.2879434624857244e-71	0.8943764129154291	-0.9457147629784729	8.218577643989373e-89	0.7646737078788176	-0.8744562355423041	3.7472568403503176e-171
mean_min_count_none	0.009112982089520633	-0.09546194052878158	0.20239883273230794	0.2416675906872526	-0.49159697994114304	2.4251966487881666e-12	0.16975922415002015	-0.41201847549596626	9.10474802716399e-09	0.03425141494596858	0.1850713779760895	1.5036800363560522e-05
mean_min_count_filter0	0.976693425085984	-0.988278010018428	3.0673682892261886e-147	0.9798521086633274	-0.9898747944378256	7.193241296906439e-153	0.9819790382008443	-0.9909485547700467	3.501577172996754e-157	0.8926225596026867	-0.9447870445781349	7.525341468443698e-263
mean_min_count_prefix0	0.9427406067713625	0.970948302831496	1.726384657956763e-112	0.7197034893738605	0.848353398869752	4.837078281317383e-51	0.003539410383477623	0.059492943980590025	0.4275891381821624	0.5754567136441914	0.7585886326884891	3.687749219200585e-102
mean_min_normcount_filter0	0.9766199910185509	-0.9882408567846964	4.05859306242147e-147	0.9555703478106635	-0.977532786054086	2.683897671086104e-122	0.9675903054102373	-0.9836616823940217	1.711051550502797e-134	0.8576941004554934	-0.9261177573373126	6.116584593868409e-230
mean_min_normcount_prefix0	0.9565948116399055	0.9780566505269035	3.363977662659704e-123	0.8267504558660926	0.909258189881231	1.14484229915413e-69	0.11299909774308584	0.33615338425053204	3.959033086548604e-06	0.7014005401369711	0.8374965911196123	2.5820707492533655e-143
mean_join_prob_none	0.6844882702124502	0.8273380628331143	1.8608537842986773e-46	0.5794217421163694	0.7611975710131827	2.6016883073548865e-35	0.79351397437272	0.890794013435609	7.095555443713726e-63	0.6631121113074477	0.8143169599777765	3.301551628460814e-129
mean_join_prob_filter0	0.8379545448299177	0.9153985715686461	2.9629519975468105e-72	0.7904101386953278	0.8890501328357855	2.682319040582218e-62	0.8478976083372872	0.9208135578591832	1.0510526226254142e-74	0.7884519281004074	0.887948156200804	1.326735029765989e-183
mean_join_prob_prefix0	0.027086286330622933	0.16457911875636877	0.027261394908408718	0.15621400513945669	0.3952391746012238	3.9971643051635364e-08	0.01519324669216006	0.12326088873669563	0.09925222092866463	0.16184635273154502	0.40230132081754966	2.0034784678765186e-22
mean_join_pplx_none	0.9158152957940084	-0.9569823905349609	1.3827656404434396e-97	0.7887304363427389	-0.8881049692140782	5.46385445361841e-62	0.8828891276261921	-0.9396218003144627	8.090955061906752e-85	0.6864991358624325	-0.8285524339849787	1.276092869559234e-137
mean_join_count_none	0.94985745489206	-0.9746063076401978	1.2750607574322133e-117	0.8279574650524065	-0.9099216807244492	6.140522054883185e-70	0.43744040900517495	-0.6613927796742076	5.219274712512993e-24	0.2623858059458909	-0.512236084189596	1.8651639203823463e-37
mean_join_count_filter0	0.9807694494802763	-0.9903380480827122	1.1364547878086916e-154	0.9674113139640008	-0.9835706959664876	2.793720461169264e-134	0.9822911050268992	-0.9911060009034852	7.395995668916963e-158	0.6586631846905083	-0.8115806704761446	1.1294374478767028e-127
mean_join_count_prefix0	0.9945228201607651	0.9972576498381776	3.227546566663028e-203	0.7185573553460021	0.847677624658102	6.960665405823788e-51	0.771111249880305	0.8781294038353943	6.893251664557317e-59	0.8738870007447297	0.9348192342612178	4.6763208631565714e-244
mean_join_normcount_filter0	0.9810568991418566	-0.990483164491884	2.9742111400536426e-155	0.9333011516789494	-0.9660751273472211	1.3723622438775477e-106	0.9562543759825028	-0.9778825982614185	6.74378782227451e-123	0.8503538364653508	-0.9221463205290963	4.613694729509971e-224
mean_join_normcount_prefix0	0.9949956586489334	0.9974946910379691	1.0448976646530633e-206	0.8394205311239312	0.9161989582639413	1.318504088660698e-72	0.8836230182285234	0.9400122436588384	4.622110953597244e-85	0.9299100622239841	0.9643184444072321	1.08004652606e-312
median_sum_prob_none	0.5496894060756201	0.7414104167568865	1.1659749155608587e-32	0.4867660727614403	0.6976862280147432	1.4061077504245913e-27	0.5995346034859349	0.774296198806332	3.2651297526276974e-37	0.44436163619160446	0.666604557583883	1.14970683532552e-70
median_sum_prob_filter0	0.5971546600802308	0.772757827576163	5.5434028375586746e-37	0.5349061529784895	0.7313727865996175	2.094212545063737e-31	0.6233806902749987	0.789544609426851	1.3571489704907355e-39	0.46063336717656633	0.6786997621751214	3.806704392274937e-74
median_sum_prob_prefix0	0.018615375829228786	0.13643817584982873	0.06780396078567207	0.0763481494674491	0.2763116889808484	0.0001735854020275392	0.01678951108337915	0.12957434577638874	0.08298425390892955	0.14767049061208407	0.38427918316255966	1.9080947223238826e-20
median_sum_pplx_none	0.9184589778995256	-0.9583626546874234	8.069631578999007e-99	0.80156038092378	-0.8952990455282414	2.053444235887034e-64	0.8988774263751139	-0.9480914651947426	1.7001255907101023e-90	0.7537880691999017	-0.8682096919522966	7.237797778485343e-166
median_sum_pplx_filter0	0.8688677030174341	-0.9321307327931174	1.9161980285587197e-80	0.793057390444369	-0.8905376973741027	8.639396978594775e-63	0.8628339446871612	-0.9288885534267075	1.0537207641200743e-78	0.5335617367712144	-0.7304531037453496	3.781691829660064e-91
median_sum_count_none	0.5751796807848355	-0.758406013151818	6.37857995149799e-35	0.6513853297951044	-0.8070844626153476	1.3698809168658025e-42	0.44882967666208645	-0.6699475178415742	8.348399501250734e-25	0.24541545248947916	-0.4953942394593211	8.75758816593264e-35
median_sum_count_filter0	0.9690397704762201	-0.9843981767944413	2.9136912178450872e-136	0.9550583671468281	-0.9772708770585707	7.442847256172855e-122	0.9736826406813169	-0.9867535866067663	1.5254985246830301e-142	0.6920101029049261	-0.8318714461411247	1.0770709226111128e-139
median_sum_count_prefix0	0.8845507645972452	0.9405055898809136	2.2659420806214868e-85	0.6885258969190988	0.8297746060943892	5.896959978496537e-47	0.692265881235072	0.8320251686307765	2.0070138098143084e-47	0.8131995639925576	0.9017757836583091	3.816938967663438e-198
median_sum_normcount_filter0	0.979969752390539	-0.9899342161934493	4.271169061565818e-153	0.9239010714332878	-0.9611977275427194	1.721072283268967e-101	0.9550448464975452	-0.9772639594794976	7.644848402764863e-122	0.845154706705734	-0.9193229610456458	4.521642280444686e-220
median_sum_normcount_prefix0	0.987999246472944	0.9939815121384019	6.73395852018324e-173	0.7867103868827336	0.886966959295967	1.2760415417757278e-61	0.8010502589501202	0.8950141110340776	2.5813902856716828e-64	0.867110374437825	0.931187615058225	6.1134542070811394e-238
median_mean_prob_none	0.5496866716145337	0.7414085726605363	1.166608070797195e-32	0.4867660727614404	0.6976862280147433	1.4061077504245913e-27	0.5995346034859346	0.7742961988063318	3.2651297526279797e-37	0.44435784851846566	0.6666017165582951	1.1518218689332897e-70
median_mean_prob_filter0	0.5971534249114947	0.7727570283805218	5.5449213770227995e-37	0.5349061529784898	0.7313727865996176	2.0942125450636475e-31	0.6233806902749983	0.7895446094268508	1.3571489704908426e-39	0.46063204170061006	0.6786987856926002	3.809227113320522e-74
median_mean_prob_prefix0	0.018185335046333538	0.13485301274474196	0.0710915949795623	0.07634814946744897	0.2763116889808482	0.00017358540202754117	0.016789511083379206	0.12957434577638896	0.08298425390892955	0.1474771377322114	0.38402752210253294	2.029442312968611e-20
median_mean_pplx_none	0.9181362122283234	-0.9581942455621008	1.147162682988416e-98	0.80156038092378	-0.8952990455282414	2.053444235887034e-64	0.8988774263751137	-0.9480914651947425	1.7001255907104346e-90	0.753663465165755	-0.8681379298047949	8.29374424313551e-166
median_mean_pplx_filter0	0.8684545921441399	-0.9319091115254426	2.5358199150081798e-80	0.7930573904443693	-0.8905376973741029	8.639396978593431e-63	0.8628339446871615	-0.9288885534267076	1.0537207641199224e-78	0.533718226419622	-0.7305602140957458	3.454789226149939e-91
median_mean_count_none	0.5717588230476176	-0.7561473553796361	1.3061542348182235e-34	0.6513853297951047	-0.8070844626153477	1.3698809168657246e-42	0.4488296766620869	-0.6699475178415746	8.348399501250131e-25	0.24513266900810632	-0.495108744629002	9.691783332626697e-35
median_mean_count_filter0	0.9691205550312672	-0.984439208397993	2.30907785639446e-136	0.9550583671468286	-0.977270877058571	7.442847256166512e-122	0.9736826406813169	-0.9867535866067663	1.5254985246830301e-142	0.691087185774094	-0.8313165376522315	2.410379788520621e-139
median_mean_count_prefix0	0.8862105303040914	0.9413875558472671	6.239171581053532e-86	0.6885258969190986	0.8297746060943891	5.896959978496911e-47	0.6922658812350716	0.8320251686307762	2.0070138098145347e-47	0.8140099253026548	0.9022249859667237	1.1846676159166568e-198
median_mean_normcount_filter0	0.9797973115035784	-0.9898471152170816	9.160478371197216e-153	0.9239010714332874	-0.9611977275427191	1.7210722832698332e-101	0.9550448464975452	-0.9772639594794976	7.644848402764863e-122	0.844724646717315	-0.9190890308981579	9.537209483704535e-220
median_mean_normcount_prefix0	0.9879566313503578	0.9939600753301703	9.23191945198923e-173	0.7867103868827336	0.886966959295967	1.2760415417757278e-61	0.8010502589501202	0.8950141110340776	2.5813902856716828e-64	0.8672936230395292	0.9312860049627768	4.217288098589437e-238
median_median_prob_none	0.4974764772341105	0.7053201239395559	2.1293579360070514e-28	0.2992104757738876	0.5470013489689834	1.949612011200798e-15	0.4004290618828291	0.6327946443221759	1.5817107124778909e-21	0.3591542828399327	0.5992948213024477	5.942524251173573e-54
median_median_prob_filter0	0.5699712299721043	0.7549643898702139	1.8952665389887352e-34	0.33894075225949966	0.582186183501034	1.0182781105537859e-17	0.4221281281642774	0.6497138817697198	5.796465821961504e-23	0.4184878025425508	0.6469063321243276	2.4587826664843934e-65
median_median_prob_prefix0	0.39627440855811996	-0.6295033030557663	2.9392949922568165e-21	0.0908175039185361	0.3013594264637098	3.939908856933218e-05	0.005144089123347168	-0.0717223056192923	0.33867589563172296	0.026685553350641055	0.16335713437325305	0.00013733318519678841
median_median_pplx_none	0.9110000492802985	-0.9544632257349146	1.9580090300115495e-95	0.8139188464200002	-0.9021745099591322	6.664880082789187e-67	0.9032042090140283	-0.9503705640506909	3.460947689278475e-92	0.7585246706943998	-0.8709332182747422	3.8804395655114135e-168
median_median_pplx_filter0	0.8926794014089439	-0.944817125907942	3.3984230004623066e-88	0.8240627455933247	-0.9077790180398116	4.5130635892605673e-69	0.8954387619257492	-0.9462762608909457	3.3405245850506995e-89	0.7191271167515415	-0.848013630050568	1.8062184536103443e-150
median_median_pplx_prefix0	0.14065349262549676	-0.37503798824318685	2.1347809472493307e-07	0.32096447593993127	-0.5665372679179467	1.1385693959061114e-16	0.24324144970829367	-0.4931951436381888	2.009528052010152e-12	0.27346564801525797	-0.5229394305416813	3.116663029861296e-39
median_median_count_filter0	0.7301629375612605	-0.8544957212071108	1.6276666189887114e-52	0.876278443496999	-0.9360974540596716	1.076706710909418e-82	0.8080385857230276	-0.8989096649402695	1.0662854035369658e-65	0.628597888347557	-0.7928416540189832	8.410502104096548e-118
median_median_normcount_filter0	0.9328146696432855	-0.9658233118139599	2.621051058361031e-106	0.8857453519475825	-0.9411404528270914	8.972842002105373e-86	0.9387941431018183	-0.9689138987040171	6.520084121464884e-110	0.81008840344897	-0.900049111687229	3.2526848322932087e-196
median_median_normcount_prefix0	0.7976700194525962	0.8931237425198124	1.1586704244411044e-63	0.6524182678717954	0.8077241285685326	1.0511115884040706e-42	0.5456395613565753	0.7386741916139857	2.5961267303586395e-32	0.45928721133258094	0.6777073198162913	7.454005853951216e-74
median_geomean_prob_none	0.4840362449411344	0.6957271339692986	2.260758354436013e-27	0.31768349928368944	0.563634189243067	1.7572272720892978e-16	0.4121068716174945	0.641955505948422	2.708908187480098e-22	0.3510567110912142	0.5925003891063821	1.7611598913470235e-52
median_geomean_prob_filter0	0.5622326175990168	0.7498217238777607	9.331805246382017e-34	0.30751281492127475	0.554538380025472	6.661293222820354e-16	0.4933455173084312	0.7023855901913358	4.430561699547254e-28	0.41069286928900506	0.6408532353737516	8.91986558919751e-64
median_geomean_pplx_none	0.9112472759844664	-0.9545927278082871	1.528402816578681e-95	0.8316978874372096	-0.9119747186392886	8.662074202379666e-71	0.9030082546468994	-0.9502674647944648	4.143910770939262e-92	0.7606988129577317	-0.8721804933370911	3.401367390718095e-169
median_geomean_pplx_filter0	0.889019337214262	-0.9428782197157075	6.7355764774995195e-87	0.8428718451506222	-0.9180805221496763	1.902819665238705e-73	0.898104424784297	-0.9476837155846337	3.3497108275806126e-90	0.7100637792095696	-0.8426528224657944	9.326873632849746e-147
median_geomean_count_none	0.8428253079004878	-0.9180551769368156	1.953689497946284e-73	0.5543239530247346	-0.7445293500089399	4.6241985354582406e-33	0.3410835602730636	-0.5840235956475248	7.604080219726985e-18	0.23357219596863618	-0.48329307461274074	5.9197442866624154e-33
median_geomean_count_filter0	0.9779185129042324	-0.9888976250877703	2.508618383847729e-149	0.9639774609564189	-0.981823538603765	2.0850241572824154e-130	0.9831259425140171	-0.9915270760367652	1.0053372704481104e-159	0.7486772847318637	-0.8652613967650837	1.825026317382123e-163
median_geomean_normcount_filter0	0.9805690955480107	-0.9902368886019197	2.858983465494049e-154	0.9287997573046843	-0.9637425783396126	4.6007165212775114e-104	0.9596436457930501	-0.9796140289895047	5.141916713011337e-126	0.8492587600393866	-0.9215523642416564	3.2818209438083022e-223
median_max_prob_none	0.5499483718130401	0.7415850401761352	1.107527069886481e-32	0.4934719388792319	0.7024755788489959	4.332699612909121e-28	0.589003126705305	0.7674653912101216	3.319109869184081e-36	0.4446300842523946	0.6668058819869502	1.0092554877471513e-70
median_max_prob_filter0	0.5921493477687622	0.7695124091064173	1.6705574283808077e-36	0.5344466599201544	0.7310585885687647	2.2875546524639183e-31	0.6147882483381409	0.7840843375161507	1.0174575164781557e-38	0.45707696649717655	0.6760746752372674	2.238701240689149e-73
median_max_prob_prefix0	0.3453738939311673	0.5876851996870155	4.225916544078475e-18	0.11383945023836824	0.33740102287688495	3.626393682975627e-06	0.15593269377060592	0.3948831393850666	4.1210049388968516e-08	0.23582753033252776	0.4856207680201988	2.6666429739855998e-33
median_max_pplx_none	0.9165770626541949	-0.9573803124433857	6.154939269024298e-98	0.7393041998461362	-0.8598280059675517	7.529929015933157e-54	0.8787626397128481	-0.9374234047178724	1.7680643128760577e-83	0.6949513883337406	-0.8336374441768679	8.133786792453247e-141
median_max_pplx_filter0	0.8467896202479921	-0.9202117257718422	2.006530184210429e-74	0.7987514450898532	-0.8937289550472521	7.186625824716369e-64	0.8327163548405447	-0.9125329335648904	5.043687844446706e-71	0.3842834300433636	-0.6199059848423498	1.2195184643399808e-58
median_max_count_none	0.6788059104650943	-0.823896783866216	9.150070833786104e-46	0.7754575557405831	-0.8806006789348865	1.2479778514046963e-59	0.7175034970345556	-0.8470557815365855	9.71464598044963e-51	0.3361006188893272	-0.5797418553885231	8.261273449381814e-50
median_max_count_filter0	0.8751833022341085	-0.9355123207281176	2.3604588071025615e-82	0.831974158221435	-0.9121261745073622	7.482562386385924e-71	0.8654718700851506	-0.9303074062293337	1.868468297098745e-79	0.5476117201696709	-0.7400079189911895	9.977015829720108e-95
median_max_count_prefix0	0.640183460060589	0.8001146543218597	2.305908251149897e-41	0.5194419815867701	0.7207232350817963	3.904143478980071e-30	0.6179600871849745	0.7861043742309125	4.8622615073446504e-39	0.5779087080432356	0.7602030702669094	7.747322259751265e-103
median_max_normcount_filter0	0.9559406619054556	-0.97772218032806	1.2740095671343951e-122	0.8744697013777777	-0.9351308471961438	3.922148738456484e-82	0.9285860138049724	-0.9636316795357925	6.008072548421746e-104	0.8393169940006708	-0.9161424528972941	9.553141690976426e-216
median_max_normcount_prefix0	0.9135499252960161	0.9557980567546767	1.471106515038529e-96	0.7449903097544698	0.8631282116548328	1.0538228161210697e-54	0.8423526207877924	0.9177977014504843	2.55295968526675e-73	0.835553568618898	0.9140861932109564	4.850424881907391e-213
median_min_prob_none	0.42133449181688387	0.6491028360875369	6.555550987827626e-23	0.18894392214598843	0.43467680194138314	1.0806231742743814e-09	0.2676253877176785	0.5173252243199422	1.040511821733959e-13	0.28538886855172896	0.5342179972181104	3.5596515116406656e-41
median_min_prob_filter0	0.5016314237269592	0.7082594325012264	1.0129089520930567e-28	0.23206440561001496	0.48173063594711824	7.578308625563972e-12	0.29433045788655543	0.5425223109573978	3.644340332284394e-15	0.3448730990942654	0.5872589710632485	2.2779504781287616e-51
median_min_pplx_none	0.8825122117261552	-0.9394212110263187	1.0771890419771724e-84	0.8623263761268669	-0.9286153003945535	1.464253022303973e-78	0.9108760273501604	-0.9543982540586295	2.2165037519091305e-95	0.744596314560388	-0.8628999446983341	1.393853801157469e-161
median_min_pplx_filter0	0.8939775362788703	-0.9455038531274583	1.149697288761907e-88	0.8585480597677367	-0.9265786851464568	1.6331800201531736e-77	0.9325588399971312	-0.9656908615064819	3.6765077052816947e-106	0.8204584009491227	-0.9057915880317738	8.903318429520264e-203
median_min_pplx_prefix0	0.4026918825166538	-0.634580083611717	1.1266369441378904e-21	0.212399159455967	-0.4608678329586119	7.503453944637438e-11	0.2424137601779282	-0.4923553190308075	2.21847696088584e-12	0.2793416127879451	-0.5285277786341462	3.470958264471604e-40
median_min_count_filter0	0.7589431019308867	-0.8711734052017925	6.980614100772979e-57	0.7800952534303023	-0.8832300116222853	1.9419966040456633e-60	0.8242754480071018	-0.9078961658731145	4.0518991747978984e-69	0.7597590697841358	-0.8716415947992247	9.767837814915303e-169
median_min_normcount_filter0	0.9538761998915518	-0.9766658588747493	7.509132053252467e-121	0.9375507002092074	-0.9682720176733434	3.907654624375185e-109	0.9602940882488855	-0.9799459619024334	1.2103993006613134e-126	0.8477502359457653	-0.9207335314550922	4.784117530314565e-222
median_join_prob_none	0.5088465328445209	0.7133347971636607	2.7470080901221617e-29	0.35520195391096726	0.5959882162517706	1.084718437062891e-18	0.4996906794944876	0.7068880247213752	1.4342368277609402e-28	0.3554587864170947	0.5962036450887354	2.805061795004319e-53
median_join_prob_filter0	0.5576757724512051	0.7467769228164494	2.35483601480213e-33	0.47368316969158936	0.6882464454623717	1.338877660887445e-26	0.4563939161726017	0.6755693274362016	2.4206127811499827e-25	0.3996240400981943	0.6321582397613704	1.3495450613263474e-61
median_join_prob_prefix0	0.3681801339543147	-0.6067784883747237	1.7451965602650922e-19	0.2946646184988204	0.5428301930611639	3.4919956027107575e-15	0.05916086698915794	0.24323007007596315	0.0010015495213844881	0.08235116128496475	0.2869689204164185	1.0714049617635437e-11
median_join_pplx_none	0.9064236787744971	-0.9520628544242744	1.7020678699203376e-93	0.8153455255522689	-0.9029648528886763	3.3568342110749264e-67	0.8842910878316943	-0.9403675280610737	2.767919639289795e-85	0.7614844149020049	-0.87263074372956	1.403699139348533e-169
median_join_pplx_filter0	0.904211742703385	-0.9509004904317723	1.363082109783935e-92	0.8525872406406455	-0.9233565078779948	6.455891704361822e-76	0.9035541059800304	-0.950554630718314	2.5069114868136347e-92	0.7285960329054763	-0.8535783695159316	1.7683170482879494e-154
median_join_count_filter0	0.7347001717601246	-0.8571465287569708	3.587470033945151e-53	0.8782134677376944	-0.9371304432882833	2.644360410046591e-83	0.8097778735044545	-0.8998765879299531	4.738098323349027e-66	0.6337390122406023	-0.7960772652454046	1.9706816857141433e-119
median_join_normcount_filter0	0.9336192592416479	-0.9662397524639772	8.966237282102703e-107	0.8987715062496298	-0.948035603893456	1.8662553814027072e-90	0.9375298332939199	-0.9682612422760295	4.0256323120160016e-109	0.8194580801268494	-0.9052392391665584	3.9710367532281485e-202
median_join_normcount_prefix0	0.813520344980927	0.9019536268461517	8.064626048834707e-67	0.5071975632667528	0.7121780418313617	3.707669661661771e-29	0.38224428517197223	0.6182590760934871	2.311137721278073e-20	0.4151802014374394	0.644344784597066	1.135113228090832e-64
geomean_sum_prob_none	0.5592910588269202	0.7478576460977853	1.697992500556027e-33	0.49249521588963635	0.7017800338351301	5.148011483421998e-28	0.6102488730133252	0.7811842759639528	2.8967812184339166e-38	0.4214718368661787	0.6492086235303554	6.139850294468209e-66
geomean_sum_prob_filter0	0.6236588292136871	0.7897207286210025	1.270505590921319e-39	0.5794584343856077	0.7612216723042032	2.581484450398048e-35	0.6108165580121045	0.7815475404683355	2.5431863280026465e-38	0.46452741297712524	0.6815624791441539	5.398056939352689e-75
geomean_sum_pplx_none	0.9176614100966544	-0.9579464547127122	1.9198508208896577e-98	0.8072963871906057	-0.8984967374401566	1.5039271573720136e-65	0.8907260957162372	-0.9437828647078931	1.694015925190162e-87	0.7396407998969009	-0.8600237205431609	2.458509171982242e-159
geomean_sum_count_none	0.9447708770416087	-0.9719932494835593	6.938745718186005e-114	0.778769798360291	-0.8824793472712498	3.318071523151536e-60	0.426982923662024	-0.6534393037322013	2.720493323365749e-23	0.2549228281685376	-0.5048988296367279	2.8376656619128088e-36
geomean_sum_count_filter0	0.980952378785107	-0.9904304007779179	4.85373090303341e-155	0.969853819992731	-0.9848115657285565	2.7187271986023903e-137	0.9828354717145485	-0.9913805887319705	4.592765050881051e-159	0.6870731625374727	-0.8288987649511084	7.791054802951222e-138
geomean_sum_normcount_none	0.03186513207839269	-0.17850807286616674	0.016505519818490525	5.987864693424952e-06	-0.002447011379913251	0.9739924276849163	1.4700939647214367e-05	-0.0038341804400959492	0.9592595894901177	0.06531443674610275	0.2555668928991053	1.6866998825336468e-09
geomean_sum_normcount_filter0	0.981342484483331	-0.9906273186639519	7.694017338384839e-156	0.9363545036327116	-0.9676541239682243	2.116213265081406e-108	0.9581327050479137	-0.9788425333259245	1.3557143088027912e-124	0.8542014444983487	-0.9242301902114801	4.169138381289007e-227
geomean_mean_prob_none	0.55926395947157	0.7478395278878819	1.707350752639247e-33	0.4924952158896368	0.7017800338351304	5.148011483421595e-28	0.610248873013325	0.7811842759639527	2.8967812184340633e-38	0.42146673754074704	0.6492046961789071	6.154462295540082e-66
geomean_mean_prob_filter0	0.6236338794168188	0.7897049318681116	1.2780490014780841e-39	0.5794584343856074	0.761221672304203	2.581484450398231e-35	0.6108165580121045	0.7815475404683355	2.5431863280026465e-38	0.4645262043526418	0.6815615924864324	5.401342411069335e-75
geomean_mean_pplx_none	0.9175414855850428	-0.9578838580877344	2.1854996114299176e-98	0.8072963871906063	-0.8984967374401569	1.503927157371589e-65	0.890726095716237	-0.943782864707893	1.6940159251904684e-87	0.7395532497928117	-0.8599728192174516	2.6913812621270174e-159
geomean_mean_count_none	0.943791536745655	-0.9714893394915124	3.3181104126198486e-113	0.7787697983602908	-0.8824793472712497	3.318071523151795e-60	0.42698292366202517	-0.6534393037322022	2.7204933233652756e-23	0.25490924099489287	-0.5048853741146527	2.8516947229408182e-36
geomean_mean_count_filter0	0.9808522234114233	-0.9903798379467462	7.741132720209139e-155	0.9698538199927306	-0.9848115657285563	2.718727198605872e-137	0.982835471714549	-0.9913805887319708	4.592765050870559e-159	0.6866157786782732	-0.8286228205150237	1.1544387137678906e-137
geomean_mean_normcount_filter0	0.9812414834492228	-0.9905763390315876	1.2440897657593617e-155	0.9363545036327118	-0.9676541239682244	2.1162132650807487e-108	0.9581327050479141	-0.9788425333259247	1.355714308801531e-124	0.8534423808508101	-0.9238194525180827	1.6860945851394629e-226
geomean_median_prob_none	0.5165099497503765	0.7186862665658614	6.727313835995174e-30	0.35658656996671473	0.5971487000460729	8.941445948989136e-19	0.4397740988454748	0.6631546568075013	3.5958947642630156e-24	0.3601004586529699	0.6000837097047127	3.9883342243709475e-54
geomean_median_prob_filter0	0.5605114216772712	0.748673107355454	1.3252314944915228e-33	0.399956611617154	0.6324212295749994	1.6975468389784143e-21	0.43668672526993185	0.6608227638859998	5.884704693944028e-24	0.39784214870076384	0.6307472938513203	3.0017039746345835e-61
geomean_median_pplx_none	0.9100579645465856	-0.9539695826107799	5.0006767794203906e-95	0.8122342241973	-0.9012403809180434	1.4879428705642995e-66	0.8840702625828525	-0.9402501063987456	3.2802181779874113e-85	0.7564725802113523	-0.8697543217549151	3.785021195258114e-167
geomean_median_pplx_filter0	0.8970774968713638	-0.9471417512027246	8.181802455474332e-90	0.8202841598028046	-0.9056954012264855	2.9977591314003083e-68	0.8987434918806042	-0.9480208288221331	1.9128153207911366e-90	0.6920105963558546	-0.8318717427319278	1.0766064415820346e-139
geomean_median_count_none	0.9102057317168242	-0.954047028042551	4.319559105637465e-95	0.5350255505417676	-0.7314544076986396	2.0466770384428024e-31	0.3360044856118828	-0.5796589390425052	1.5170515705539828e-17	0.2431279860781831	-0.49308010107707967	1.986091143841464e-34
geomean_median_count_filter0	0.9814976034741744	-0.9907056088839784	3.659490227957575e-156	0.9694266808757794	-0.9845946784722023	9.512113446817897e-137	0.9801265795430428	-0.9900134239206269	2.1217458802368712e-153	0.7333686645578097	-0.8563694673199236	1.4910889951209963e-156
geomean_median_normcount_filter0	0.9807593040010212	-0.9903329258390944	1.1910796037123867e-154	0.9282596868938142	-0.9634623432671431	9.016332452386376e-104	0.9565595131509763	-0.9780386051434659	3.6164416543540756e-123	0.8478313225387198	-0.9207775640939129	4.145192743406939e-222
geomean_geomean_prob_none	0.5022375751629194	0.7086872195566387	9.083927110040014e-29	0.3313272968754885	0.5756103689784337	2.852725734697092e-17	0.45043971001327493	0.6711480537208425	6.423495012154203e-25	0.34831529107823517	0.5901824218648292	5.4949619305557004e-52
geomean_geomean_prob_filter0	0.007984699531274507	0.08935714594409619	0.23291335359615442	0.16318025753838608	0.40395576185813475	1.8725058916241133e-08	0.20340747548104735	0.45100717896841436	2.1036461125513741e-10	0.05388053704207148	0.23212181509300558	4.863739493109198e-08
geomean_geomean_pplx_none	0.9077891561693939	-0.9527796997047082	4.597063847657042e-94	0.8190801920100084	-0.9050304923095179	5.4348814581263445e-68	0.8875277624481583	-0.94208691873317	2.2118655846247155e-86	0.7554972316135298	-0.8691934373967223	1.1099612456344451e-166
geomean_geomean_count_none	0.9300983869181398	-0.9644160859909688	8.933777210078675e-105	0.6983670823112768	-0.8356836017963238	3.362402059517689e-48	0.3800408683734767	-0.616474548033799	3.181748735930191e-20	0.23354544537947286	-0.4832653984918358	5.975921833181988e-33
geomean_geomean_count_filter0	0.5160994537499506	-0.7184006220417342	7.257942920956775e-30	0.5029865206447511	-0.7092154261187155	7.938824154998475e-29	0.48778466530626846	-0.6984158254981544	1.1770291038599205e-27	0.5465201880300972	-0.7392700372868477	1.9097208183688045e-94
geomean_geomean_normcount_filter0	0.5122561697819744	-0.7157207344921442	1.4729135741561538e-29	0.46988106751650965	-0.6854787141235749	2.550762091921588e-26	0.47467383345835606	-0.6889657708902207	1.1310338002915334e-26	0.5318044126375213	-0.729249211612547	1.0416312842425961e-90
geomean_max_prob_none	0.5606278567414648	0.7487508642675912	1.2942134679314668e-33	0.4952430763577853	0.703735089616672	3.166712169011137e-28	0.6131412393985726	0.7830333577815013	1.4893517660694358e-38	0.42305528288761624	0.6504270004294227	2.9319640212357157e-66
geomean_max_prob_filter0	0.6251888966335873	0.7906888747374579	8.83054588961765e-40	0.5808754040026104	0.7621518247715545	1.909390515687422e-35	0.6142444419296236	0.7837374827897563	1.1540700547611088e-38	0.46599520521873317	0.6826384146960477	2.5756490765679473e-75
geomean_max_pplx_none	0.9191305007105908	-0.9587129396803773	3.8642267247060046e-99	0.7940176593386372	-0.8910766854421887	5.70755797422092e-63	0.8852531169682287	-0.9408789066443294	1.3158731797364572e-85	0.7039461210361526	-0.8390149706865502	2.5761615680274735e-144
geomean_max_count_none	0.9584781661391856	-0.9790189815009643	6.4838860913543e-125	0.887762132486907	-0.9422112992778781	1.8368532864215194e-86	0.6773427676929077	-0.8230083642909759	1.372647119944518e-45	0.28326259732784526	-0.5322241983674223	7.94509618377137e-41
geomean_max_count_filter0	0.9771233487759876	-0.988495497600261	5.8481307466509974e-148	0.9359401812160489	-0.967440014272745	3.7710204068530555e-108	0.9646154998733278	-0.9821484103094236	4.248320595381976e-131	0.5195574239719797	-0.7208033185078851	1.0948377263049692e-87
geomean_max_normcount_filter0	0.9812803595982428	-0.9905959618321906	1.0343206449743072e-155	0.9054855087772271	-0.9515700230551755	4.137952864126504e-93	0.9332693539664404	-0.9660586700436161	1.431853426344998e-106	0.8428300882311053	-0.9180577804425522	2.492862768154453e-218
geomean_min_prob_none	0.39060918652586374	0.6249873490926546	6.796689286691696e-21	0.16041458133732492	0.400517891407269	2.5318891009901658e-08	0.28754393217381213	0.5362312301366008	8.638742654825098e-15	0.26489710841010244	0.5146815602001906	7.417401527971651e-38
geomean_min_prob_filter0	0.0076112646093704555	0.08724256191429992	0.24420150183954428	0.09599248785541564	0.3098265447882341	2.3119114895115947e-05	0.16310308223885325	0.40386022611647865	1.8883576795665964e-08	0.044265978559339544	0.21039481590414613	8.092340256557965e-07
geomean_min_pplx_none	0.8847877046672792	-0.9406315456475395	1.8870470340188288e-85	0.8554291938842731	-0.9248941528003478	1.1397113558818496e-76	0.8942086964038383	-0.9456260869941344	9.46592118385876e-89	0.7460174711546214	-0.863723029190852	3.104080787911795e-162
geomean_min_pplx_filter0	0.8994431310912844	-0.9483897569519002	1.0315943507332863e-90	0.8523559199228785	-0.9232312385978274	7.423694039094802e-76	0.9248554862875831	-0.961694071047328	5.5942917691496194e-102	0.8099632991741593	-0.8999796104213469	3.8833689063585576e-196
geomean_min_count_none	0.00045094188144552676	0.021235392189585922	0.7772153549268691	0.18731268349455213	-0.43279635337483163	1.2975332708212037e-09	0.1757738923776569	-0.4192539712127446	4.68926985339241e-09	0.052569196368107196	0.2292797338800514	7.14180391661809e-08
geomean_min_count_filter0	0.538517046669688	-0.7338372071990409	1.0431110441383314e-31	0.5401085331436776	-0.7349207665753347	7.659049917378468e-32	0.5480100526235134	-0.7402770107355174	1.6263683231886463e-32	0.5786130825194208	-0.760666209660598	4.940503434842355e-103
geomean_min_normcount_filter0	0.538367524130472	-0.7337353229404129	1.0737695601853508e-31	0.5411705133055302	-0.7356429251379573	6.228710318790712e-32	0.5520420634745841	-0.7429953320678294	7.29980814160419e-33	0.5769404585515248	-0.7595659672151753	1.4361368670534984e-102
geomean_join_prob_none	0.5022834807275646	0.7087196065635298	9.009265836368264e-29	0.3313272968754885	0.5756103689784337	2.852725734697092e-17	0.45043971001327504	0.6711480537208426	6.423495012153974e-25	0.34837437809723343	0.5902324780094987	5.3621065381065345e-52
geomean_join_prob_filter0	0.007982628315937967	0.08934555565856629	0.2329742078228843	0.16318025753838622	0.4039557618581349	1.8725058916240908e-08	0.20340747548104698	0.45100717896841397	2.1036461125514538e-10	0.05386666590344008	0.2320919341628228	4.883550143487503e-08
geomean_join_pplx_none	0.9078315968790038	-0.95280197149198	4.412416023705722e-94	0.8190801920100088	-0.9050304923095182	5.43488145812523e-68	0.8875277624481586	-0.9420869187331701	2.2118655846243508e-86	0.7555313280573722	-0.8692130510164767	1.0690681637924491e-166
geomean_join_count_none	0.9302258615644304	-0.9644821727561533	7.593710813022755e-105	0.6983670823112768	-0.8356836017963238	3.362402059517689e-48	0.38004086837347784	-0.6164745480337999	3.1817487359296796e-20	0.23348571770360585	-0.4832035986037416	6.103277320579018e-33
geomean_join_count_filter0	0.5160866523243941	-0.7183917123160554	7.275139732736712e-30	0.5029865206447511	-0.7092154261187155	7.938824154998475e-29	0.48778466530626846	-0.6984158254981544	1.1770291038599205e-27	0.5465150963355795	-0.7392665935476724	1.9155063855208992e-94
geomean_join_normcount_filter0	0.5122510063452582	-0.7157171273242371	1.4743092539788526e-29	0.46988106751650965	-0.6854787141235749	2.550762091921588e-26	0.47467383345835606	-0.6889657708902207	1.1310338002915334e-26	0.5318019647151875	-0.7292475332253017	1.043099691834652e-90
max_sum_prob_none	0.4967870943241187	0.7048312523747218	2.407307845142746e-28	0.3723518615611973	0.6102064089807623	9.625252233598944e-20	0.5291873082149976	0.7274526157867587	6.2471330445671424e-31	0.49315829665926647	0.7022523027084115	1.9938440929822853e-81
max_sum_prob_filter0	0.685828290935451	0.8281475055420084	1.2728687824877013e-46	0.5128726527123129	0.7161512778123857	1.3153348336979897e-29	0.5950021850312011	0.771363847371136	8.923230762393706e-37	0.6463284501689536	0.8039455517439932	1.599982637680455e-123
max_sum_prob_prefix0	0.0001695474127765069	-0.013021037315686754	0.8622695544068463	0.003778086561914364	0.06146614158961309	0.41239565459112726	0.010386247664453726	-0.10191294159454788	0.17341033987856058	0.0167999472921298	0.1296146106429742	0.002546749859393938
max_sum_pplx_none	0.22221222653003295	-0.471393918639213	2.4060328516567857e-11	0.0661701541583757	-0.2572356004879101	0.0004903322258133539	0.3342147608636973	-0.5781131038678308	1.932707157942386e-17	0.08129022298121981	-0.2851144033212279	1.4711016108601966e-11
max_sum_count_none	0.10962680404356878	-0.33109938695740404	5.627239284721107e-06	0.41496168392282873	-0.6441751966063493	1.7505779897377207e-22	0.03766319517889693	-0.19407007801023043	0.009042304735773807	0.1806390433381794	-0.42501652125320893	4.258072465806724e-25
max_sum_count_filter0	0.23372701293109213	-0.48345321690013826	6.227533029407145e-12	0.4675539245849932	-0.6837791489837879	3.775977149519637e-26	0.26662128294771625	-0.5163538350276061	1.1775748364319066e-13	0.28392401165299574	-0.5328452042131896	6.190726555081064e-41
max_sum_count_prefix0	0.6463240298673565	0.8039428026093377	4.959965822378633e-42	0.5955779182340586	0.7717369488589092	7.858325302362942e-37	0.5551646334126077	0.7450937078063454	3.9060265592271105e-33	0.621470241770497	0.7883338390367985	1.4062282449657504e-115
max_sum_normcount_filter0	0.7455144931463547	-0.863431811520953	8.771706085464829e-55	0.5873361524076036	-0.7663785960004387	4.765178949068324e-36	0.5910876478973247	-0.7688222472700206	2.107322482772903e-36	0.6452258641474217	-0.8032595247785249	3.699345726890379e-123
max_sum_normcount_prefix0	0.6055671940631501	0.7781819800426826	8.415516598784783e-38	0.6993922503711937	0.8362967477942227	2.4816701096901855e-48	0.6701839761464516	0.818647650791506	9.72813311903529e-45	0.6762141482392267	0.8223224113686959	7.59079344244542e-134
max_mean_prob_none	0.4967870943241187	0.7048312523747218	2.407307845142746e-28	0.3723518615611975	0.6102064089807624	9.62525223359864e-20	0.5291873082149974	0.7274526157867586	6.247133044567405e-31	0.49315829665926664	0.7022523027084117	1.993844092982002e-81
max_mean_prob_filter0	0.6858282909354507	0.8281475055420083	1.2728687824877816e-46	0.5128726527123132	0.716151277812386	1.3153348336979092e-29	0.5950021850312007	0.7713638473711357	8.923230762394252e-37	0.6463284501689536	0.8039455517439932	1.599982637680455e-123
max_mean_prob_prefix0	0.00016954741277648254	-0.013021037315685819	0.8622695544068463	0.0037780865619143596	0.061466141589613055	0.41239565459112726	0.010386247664453764	-0.10191294159454806	0.17341033987856058	0.01679994729212985	0.1296146106429744	0.002546749859393938
max_mean_pplx_none	0.222212226530033	-0.47139391863921304	2.4060328516567857e-11	0.06617015415837567	-0.25723560048791005	0.0004903322258133539	0.3342147608636973	-0.5781131038678308	1.932707157942386e-17	0.08129022298121978	-0.28511440332122784	1.4711016108601966e-11
max_mean_count_none	0.10962680404356878	-0.33109938695740404	5.627239284721107e-06	0.414961683922829	-0.6441751966063495	1.7505779897376612e-22	0.03766319517889695	-0.1940700780102305	0.009042304735773807	0.18063904333817946	-0.425016521253209	4.258072465806724e-25
max_mean_count_filter0	0.23372701293109208	-0.4834532169001382	6.227533029407227e-12	0.4675539245849935	-0.6837791489837881	3.775977149519498e-26	0.26662128294771614	-0.516353835027606	1.1775748364319227e-13	0.2839240116529956	-0.5328452042131895	6.190726555081241e-41
max_mean_count_prefix0	0.6463240298673564	0.8039428026093376	4.959965822378842e-42	0.5955779182340581	0.7717369488589089	7.858325302363809e-37	0.5551646334126075	0.7450937078063453	3.9060265592272856e-33	0.6214702417704967	0.7883338390367983	1.40622824496623e-115
max_mean_normcount_filter0	0.7574043739843725	-0.870289821831999	1.2310360172984523e-56	0.5873361524076037	-0.7663785960004388	4.765178949068209e-36	0.5910876478973248	-0.7688222472700207	2.1073224827728008e-36	0.6516557317008874	-0.807251962958832	2.686835662545576e-125
max_mean_normcount_prefix0	0.6055671940631498	0.7781819800426825	8.415516598785101e-38	0.6993922503711936	0.8362967477942226	2.4816701096903076e-48	0.6701839761464514	0.8186476507915059	9.72813311903602e-45	0.6762141482392267	0.8223224113686959	7.59079344244542e-134
max_median_prob_none	0.5120767438274848	0.7155953771702867	1.5221872242131063e-29	0.13968103905642226	0.37373926614208236	2.3684901456902165e-07	0.49796686001987217	0.7056676696716891	1.9512035138614132e-28	0.4800631909160721	0.6928659256422357	1.9298920903770968e-78
max_median_prob_filter0	0.4920030219119092	0.7014292707835261	5.614612842288654e-28	0.3389914386895985	0.582229712991014	1.0112794778698873e-17	0.5727935625130853	0.7568312642280876	1.052210761271712e-34	0.37898114100835606	0.6156144418451829	1.2328733555362075e-57
max_median_prob_prefix0	0.0004679806185016404	0.021632859693106698	0.7731576628236962	0.0015777332527933316	-0.039720690487368565	0.5965242899746253	0.0024999702180142397	0.04999970217925542	0.5050531764167325	0.01084430174118242	0.10413597717015201	0.015483033491484431
max_median_pplx_none	0.48910610526737974	-0.6993612122983228	9.340430287452377e-28	0.4780451305020513	-0.6914080781290101	6.3551012602202394e-27	0.3895408115824156	-0.624132046591437	7.953916926174337e-21	0.267758342730161	-0.5174537107125246	2.584315687216409e-38
max_median_pplx_filter0	0.1541736379507914	-0.3926495103152319	4.9863209216078686e-08	0.35090841144260765	-0.5923752285862464	1.969701800787379e-18	0.08279485934175862	-0.287740958748939	8.976387951363776e-05	0.021515444408678846	-0.14668143852812068	0.0006280995048004663
max_median_count_none	0.2509899410560481	-0.5009889630082165	7.92074389812499e-13	0.36258077243104914	-0.6021468030564051	3.855786670593196e-19	6.69224164107331e-05	0.008180612227133927	0.9132091352161293	0.18733011679519887	-0.43281649321068955	4.608207513782665e-26
max_median_count_filter0	0.5996100627667267	-0.7743449249312135	3.210626090742314e-37	0.25361319657914677	-0.5036002348878987	5.767548815474044e-13	0.3483162072408818	-0.590183198033358	2.818482674586399e-18	0.33808749460894494	-0.5814529169321837	3.6781517581286462e-50
max_median_count_prefix0	0.551661714022106	0.742739331139873	7.87522231553378e-33	0.46048083915967714	0.6785873850578694	1.2312413115859841e-25	0.6313680437056143	0.7945867125151378	2.001504176466728e-40	0.4529430064056035	0.6730104058672521	1.730301760793749e-72
max_median_normcount_filter0	0.15301577734302738	-0.3911723115751259	5.6518258136834566e-08	0.5614908601557838	-0.7493269380956378	1.0856355476194795e-33	0.3764071984919547	-0.6135203325823478	5.3774727852809416e-20	0.30939514885584213	-0.5562329987117288	3.484033683248483e-45
max_median_normcount_prefix0	0.58481581884243	0.7647325145712257	8.210035519668702e-36	0.5312686343573306	0.7288817698072374	4.2033623701395946e-31	0.5874426874775626	0.7664480983586316	4.656511212997346e-36	0.6275669231823541	0.7921912162996723	1.774267053758156e-117
max_geomean_prob_none	0.4775628599655905	0.6910592304322333	6.902933447652814e-27	0.2355371906082256	0.4853217392701728	5.026863592578239e-12	0.6124160358481756	0.7825701475575053	1.7605124630983797e-38	0.376365369201026	0.613486242063362	3.8322151726947736e-57
max_geomean_prob_filter0	0.5080070148328827	0.7127461082551645	3.200529569583699e-29	0.35848936152208855	0.5987398112052418	6.851873477768368e-19	0.42362842549953006	0.6508674408046005	4.591253577994466e-23	0.3718558756240415	0.6097998652214032	2.6777118123418057e-56
max_geomean_prob_prefix0	0.00016954741277648254	-0.013021037315685819	0.8622695544068463	0.00383371785469924	0.06191702394898547	0.4089689715337921	0.009851658314398545	-0.09925552032203823	0.1849552657221276	0.016915094539275307	0.13005804296265305	0.0024606128093258477
max_geomean_pplx_none	0.6645442495233352	-0.8151958350748213	4.417585717425005e-44	0.6149428293513948	-0.7841829055465279	9.816323578077273e-39	0.587490952883669	-0.766479584127111	4.6080897246091e-36	0.4396323881163707	-0.6630478022860574	1.129866423520488e-69
max_geomean_count_none	0.2107455031310291	-0.45907025947128083	9.077094417883984e-11	0.39217493961047184	-0.6262387241383847	5.395262743563621e-21	0.036375675385371856	-0.19072408181813816	0.010329751119487555	0.20147277607735947	-0.4488571889558632	3.9540679516134903e-28
max_geomean_count_filter0	0.7106889392086753	-0.8430236884030455	8.143140024341153e-50	0.39984833625129473	-0.6323356199450532	1.7252538010210024e-21	0.3094961494358447	-0.5563237811165767	5.144561419670492e-16	0.3442301560353454	-0.5867113055288311	2.968530492085445e-51
max_geomean_count_prefix0	0.724238309823109	0.8510219208828342	1.1292377525384237e-51	0.6192419029388287	0.7869192480418996	3.601578034453232e-39	0.4833179930728138	0.6952107544283344	2.5605787374349994e-27	0.625877619162858	0.791124275422552	6.0021305231102906e-117
max_geomean_normcount_filter0	0.766991998654623	-0.8757807937233055	3.380640708772291e-58	0.5776058685071133	-0.7600038608501363	3.8233863361736954e-35	0.589550822582377	-0.7678221295211392	2.9463281756961328e-36	0.6613006068206077	-0.813203914661389	1.3989922190847546e-128
max_geomean_normcount_prefix0	0.7090979611363941	0.8420795456109798	1.3281427970752978e-49	0.644817664316992	0.8030053949488708	7.248588692637522e-42	0.5932829725191738	0.7702486433088823	1.3027766715772882e-36	0.6617024298171461	0.8134509387892709	1.0162577053171246e-128
max_max_prob_none	0.48671997217268204	0.6976531890364166	1.4174587919178992e-27	0.375112561603539	0.6124643349645259	6.478397794813886e-20	0.4894063701730086	0.6995758501928212	8.86161806171281e-28	0.47186845799221044	0.6869268214243861	1.3066750514776957e-76
max_max_prob_filter0	0.6768318640165166	0.8226979178389335	1.580791482842426e-45	0.5173473915830791	0.7192686504937352	5.760904039449462e-30	0.6601036838267524	0.8124676509417175	1.4286144820231563e-43	0.6483039063268966	0.8051732151077162	3.5407240448456585e-124
max_max_prob_prefix0	0.004765508192166468	0.06903266032948802	0.35714597328168796	4.652381016531393e-06	0.0021569378796180926	0.9770745180578155	0.0009381272044707542	0.030628862278425463	0.6831545514954216	0.0164220519167273	0.12814855409534398	0.0028514737348109944
max_max_pplx_none	0.1668151616665229	-0.40843011846155874	1.2579524278821906e-08	0.03232271844045952	-0.1797852008382768	0.015736142842106542	0.2813937182383342	-0.5304655674389566	1.8758729218528688e-14	0.05404037360330093	-0.23246585470408537	4.6411692750325727e-08
max_max_count_none	0.039917236362752365	-0.1997929837675797	0.0071667263075521626	0.2439995893090178	-0.4939631456991683	1.8352897537859356e-12	0.013517558487889958	-0.11626503553472109	0.12012055339828147	0.05674652896042371	-0.23821529959350576	2.0986900812663986e-08
max_max_count_filter0	0.03584647128159213	-0.1893316436351624	0.010911513734722308	0.20048596748142147	-0.4477565940122172	2.933968453444522e-10	0.08107537698715547	0.2847373824898225	0.00010704548914606984	0.028149263733170213	-0.16777742319266384	8.944843483590836e-05
max_max_count_prefix0	0.5929741531527735	0.7700481498924424	1.3941784228116457e-36	0.4889139998043428	0.6992238552883782	9.660097516616683e-28	0.4280644064762999	0.6542663115859626	2.2966405472365035e-23	0.49414288495143044	0.7029529749218154	1.1805828964768952e-81
max_max_normcount_prefix0	0.5018219330694369	0.7083939109488709	9.788395002605809e-29	0.585320973770388	0.7650627253829506	7.363838162084387e-36	0.5880693362294526	0.7668567899089455	4.0651681120937e-36	0.5589974832134291	0.7476613425966526	1.0390998433073767e-97
max_min_prob_none	0.24115594009583577	0.4910763078135981	2.577850149095842e-12	0.32786141983834144	0.5725918440201025	4.542510128984424e-17	0.34426185450167435	0.5867383185898756	4.922708105372552e-18	0.19153703531145563	0.43764944340357115	1.1284040674854515e-26
max_min_prob_filter0	0.2464592517388414	0.4964466252668472	1.3666494256099034e-12	0.30163181099475694	0.5492101701486936	1.4271788709600032e-15	0.3338956451107481	0.5778370402723835	2.017849586909222e-17	0.19478605710159103	0.44134573420572565	3.788267924843355e-27
max_min_prob_prefix0	0.00016954741277648254	-0.013021037315685819	0.8622695544068463	0.00383371785469924	0.06191702394898547	0.4089689715337921	0.009520810012457281	-0.09757463816206177	0.19254311703343902	0.016941717514188583	0.13016035308106913	0.002441120261833084
max_min_pplx_none	0.618961272205475	-0.7867409180953251	3.846510534400573e-39	0.5768146080445414	-0.7594831189990607	4.519378656563534e-35	0.6638685749312802	-0.8147813049716348	5.286608758243682e-44	0.4905949250629334	-0.7004248175664062	7.765570485936204e-81
max_min_pplx_filter0	0.21359269944564668	-0.4621609021170513	6.538585532136107e-11	0.5352564486716336	-0.7316122256165718	1.9577568440682733e-31	0.32670783649218643	-0.5715836216094601	5.3005155640904386e-17	0.11060254070704374	-0.33256960280074266	2.0654470821567207e-15
max_min_count_none	0.2267970115594617	-0.47623209841364295	1.4078380554571755e-11	0.42115404173538434	-0.6489638215920702	6.741417357916739e-23	0.17279777560968806	0.4156895182822007	6.5150384086561496e-09	0.16138072335312492	-0.4017221967393947	2.3295920791354148e-22
max_min_count_filter0	0.4877950616326796	-0.6984232682497624	1.1748925564203047e-27	0.18452814594995948	-0.42956739395577903	1.7717618862371352e-09	0.2994252135523284	-0.5471976000973765	1.8964968307467177e-15	0.2696313160239296	-0.5192603547585061	1.2931432212354404e-38
max_min_count_prefix0	0.6121639851849087	0.7824090906839648	1.865755541032294e-38	0.011010114509807281	0.10492909277129618	0.16096399200838762	0.3591273250114652	0.5992723295893656	6.265807414258159e-19	0.49236284981139494	0.7016857201136382	3.0425874773148216e-81
max_min_normcount_filter0	0.7116071070333723	-0.8435680808526199	6.132715129740474e-50	0.40353046735032766	-0.6352404799367934	9.932091663904292e-22	0.5315186584217393	-0.7290532617180581	4.007503711552742e-31	0.592565087133888	-0.7697824933927038	5.689768432084715e-107
max_min_normcount_prefix0	0.705541194652692	0.8399649960877489	3.9268310617209935e-49	0.0789676507916987	0.2810118338997465	0.00013280801148801697	0.394706880274231	0.6282570176880088	3.7094380309112405e-21	0.3530004193032479	0.5941383839672774	7.837426277216858e-53
max_join_prob_none	0.48671997217268204	0.6976531890364166	1.4174587919178992e-27	0.375112561603539	0.6124643349645259	6.478397794813886e-20	0.4894063701730086	0.6995758501928212	8.86161806171281e-28	0.47186845799221044	0.6869268214243861	1.3066750514776957e-76
max_join_prob_filter0	0.6768318640165166	0.8226979178389335	1.580791482842426e-45	0.5173473915830791	0.7192686504937352	5.760904039449462e-30	0.6601036838267524	0.8124676509417175	1.4286144820231563e-43	0.6483039063268966	0.8051732151077162	3.5407240448456585e-124
max_join_prob_prefix0	0.004765508192166468	0.06903266032948802	0.35714597328168796	4.652381016531393e-06	0.0021569378796180926	0.9770745180578155	0.0009381272044707542	0.030628862278425463	0.6831545514954216	0.0164220519167273	0.12814855409534398	0.0028514737348109944
max_join_pplx_none	0.1668151616665229	-0.40843011846155874	1.2579524278821906e-08	0.03232271844045952	-0.1797852008382768	0.015736142842106542	0.2813937182383342	-0.5304655674389566	1.8758729218528688e-14	0.05404037360330093	-0.23246585470408537	4.6411692750325727e-08
max_join_count_none	0.039917236362752365	-0.1997929837675797	0.0071667263075521626	0.2439995893090178	-0.4939631456991683	1.8352897537859356e-12	0.013517558487889958	-0.11626503553472109	0.12012055339828147	0.05674652896042371	-0.23821529959350576	2.0986900812663986e-08
max_join_count_filter0	0.03584647128159213	-0.1893316436351624	0.010911513734722308	0.20048596748142147	-0.4477565940122172	2.933968453444522e-10	0.08107537698715547	0.2847373824898225	0.00010704548914606984	0.028149263733170213	-0.16777742319266384	8.944843483590836e-05
max_join_count_prefix0	0.5929741531527735	0.7700481498924424	1.3941784228116457e-36	0.4889139998043428	0.6992238552883782	9.660097516616683e-28	0.4280644064762999	0.6542663115859626	2.2966405472365035e-23	0.49414288495143044	0.7029529749218154	1.1805828964768952e-81
max_join_normcount_prefix0	0.5018219330694369	0.7083939109488709	9.788395002605809e-29	0.585320973770388	0.7650627253829506	7.363838162084387e-36	0.5880693362294526	0.7668567899089455	4.0651681120937e-36	0.5589974832134291	0.7476613425966526	1.0390998433073767e-97
min_sum_prob_none	0.12616658828225322	0.3551993641354855	9.941184520032979e-07	0.040290414026211196	0.20072472201054656	0.006896582080268	0.034186298960184006	0.18489537300912645	0.012961979941525033	0.08731965606471719	0.2954989950316535	2.418163431049912e-12
min_sum_prob_filter0	0.11638928624568938	0.3411587405383151	2.7776352870814546e-06	0.040163275253632204	0.20040777243817717	0.0069874415191696045	0.027749025867578592	0.166580388604357	0.025418681250877265	0.07371513600295235	0.27150531487054236	1.4037159150116678e-10
min_sum_pplx_none	0.7310237635867193	-0.8549992769509921	1.2240784245557011e-52	0.6698464052864038	-0.8184414489054204	1.0658053854863258e-44	0.6149850592724017	-0.7842098311500575	9.720641542254491e-39	0.5997544050158958	-0.7744381221349423	4.706197948378598e-109
min_sum_pplx_filter0	0.3734329409603674	-0.6110915978479555	8.244558978276759e-20	0.4426783953409323	-0.6653408114199311	2.2568998822005508e-24	0.41987546600459796	-0.6479779826541933	8.216310921897997e-23	0.4033511408796993	-0.6350993157606921	2.515850975596031e-62
min_sum_pplx_prefix0	0.00042576518588815896	0.020634078266018062	0.7833655249638715	0.003385582222680692	-0.05818575618380062	0.4378299243266309	0.01115987606636961	0.10564031458855852	0.158129073005112	0.017219287979985134	-0.13122228461654345	0.002246959273263965
min_sum_count_none	0.1027691485329184	0.32057627568633085	1.1472821288281701e-05	0.32252110180520893	0.5679094133796418	9.260511005916132e-17	0.0038672566227018995	-0.06218727058411472	0.40692318938057925	0.15642194560989767	0.39550214362237995	1.155213694662413e-21
min_sum_count_filter0	0.6456963074403317	-0.8035523053543756	5.810683798724014e-42	0.4894130869468115	-0.6995806507807456	8.851189661368402e-28	0.5932475994536064	-0.7702256808582835	1.312937954131725e-36	0.6076346322114463	-0.7795092252253634	2.2222738323630904e-111
min_sum_normcount_filter0	0.6257561557502481	-0.7910475053688294	7.713499050277722e-40	0.6232185758797859	-0.789441939524235	1.4103182642533902e-39	0.6258762273941948	-0.7911233958076292	7.495617363483949e-40	0.6091813284841987	-0.7805006908928388	7.670367758057505e-112
min_mean_prob_none	0.12616658828225324	0.35519936413548553	9.941184520032979e-07	0.04029041402621117	0.2007247220105465	0.006896582080268089	0.03418629896018398	0.18489537300912637	0.012961979941525033	0.08731965606471721	0.29549899503165356	2.418163431049912e-12
min_mean_prob_filter0	0.11638928624568942	0.34115874053831513	2.777635287081423e-06	0.0401632752536322	0.20040777243817715	0.0069874415191696045	0.027749025867578575	0.16658038860435695	0.025418681250877265	0.07371513600295229	0.27150531487054225	1.4037159150117627e-10
min_mean_pplx_none	0.731023763586719	-0.854999276950992	1.2240784245557688e-52	0.6698464052864042	-0.8184414489054206	1.0658053854862297e-44	0.6149850592724019	-0.7842098311500576	9.720641542254115e-39	0.5997544050158957	-0.7744381221349422	4.706197948378999e-109
min_mean_pplx_filter0	0.373432940960367	-0.6110915978479552	8.244558978277284e-20	0.44267839534093195	-0.6653408114199308	2.2568998822006313e-24	0.41987546600459796	-0.6479779826541933	8.216310921897997e-23	0.4033511408796995	-0.6350993157606922	2.5158509755959595e-62
min_mean_pplx_prefix0	0.0004257651858881534	0.020634078266017927	0.7833655249638715	0.003385582222680702	-0.0581857561838007	0.4378299243266309	0.011159876066369652	0.10564031458855871	0.158129073005112	0.01721928797998514	-0.13122228461654348	0.002246959273263965
min_mean_count_none	0.10276914853291844	0.3205762756863309	1.1472821288281438e-05	0.3225211018052088	0.5679094133796417	9.260511005916269e-17	0.0038672566227019012	-0.06218727058411473	0.40692318938057925	0.1564219456098976	0.3955021436223799	1.155213694662413e-21
min_mean_count_filter0	0.6456963074403317	-0.8035523053543756	5.810683798724014e-42	0.4894130869468114	-0.6995806507807455	8.851189661368574e-28	0.593247599453606	-0.7702256808582832	1.3129379541318215e-36	0.607634632211446	-0.7795092252253631	2.2222738323635956e-111
min_mean_normcount_filter0	0.6257561557502483	-0.7910475053688295	7.713499050277415e-40	0.6232185758797865	-0.7894419395242354	1.4103182642532044e-39	0.6258762273941947	-0.7911233958076291	7.495617363484346e-40	0.6091813284841987	-0.7805006908928388	7.670367758057505e-112
min_median_prob_none	0.11538250420062002	0.33968000265046516	3.086208892983236e-06	0.041166197294432286	0.202894547226958	0.0063023241343481105	0.043305958897064525	0.20810083829015327	0.005058710052015059	0.08024404953788711	0.28327380665689356	2.0104639806812214e-11
min_median_prob_filter0	0.10127943151322921	0.3182442953349348	1.3386938910750099e-05	0.03958900874276686	0.19896986893187335	0.007413169444282077	0.04745624444150308	0.21784454191350097	0.0033066303958950364	0.07206470092877659	0.2684486932893818	2.2905671952009313e-10
min_median_pplx_none	0.72316722011723	-0.8503923918505092	1.595661056449873e-51	0.6619524926725923	-0.8136046292103999	8.7801457168430235e-44	0.5789642705315116	-0.7608970170341789	2.8671043603294154e-35	0.5488598188525409	-0.7408507399284561	4.739733265504461e-95
min_median_pplx_filter0	0.4912299511647688	-0.7008779859324794	6.433244612131081e-28	0.4847555375284251	-0.6962438779109121	1.995341256812624e-27	0.26870387399004564	-0.5183665440497155	9.108496760605811e-14	0.40663393828320227	-0.6376785540405152	5.680499780045536e-63
min_median_pplx_prefix0	0.0005195682586142838	-0.022794039980097512	0.7613388724977477	0.002097187409555827	0.04579505878974092	0.541566949545243	0.0027563081263454426	-0.05250055358132372	0.483961899916148	0.010823784774263762	-0.10403742006731886	0.01558142401495974
min_median_count_filter0	0.4987523231229412	-0.7062239893425748	1.696080773209843e-28	0.4975527430578599	-0.70537418655481	2.1006300943655083e-28	0.5302122422770403	-0.7281567429317951	5.14083519941804e-31	0.5247832828928474	-0.7244192728612674	5.747801756167417e-89
min_median_normcount_filter0	0.6164083401990167	-0.7851167685121855	6.983158069778687e-39	0.48640971977406333	-0.6974307992726327	1.4962429612344578e-27	0.47916827692585146	-0.6922198183567496	5.240378526926995e-27	0.5404480173804478	-0.735151696849329	6.8755620431733554e-93
min_geomean_prob_none	0.02207329993032479	0.1485708582809051	0.04654014885259815	0.04595845706421684	0.2143792365510635	0.0038544193319122884	0.06762061671777271	0.2600396445117027	0.00042294416509316984	0.02037649074820137	0.142746246003884	0.0008794835011048135
min_geomean_prob_filter0	0.001282785020107246	0.03581598833073361	0.6331289778672173	0.0016080457588817881	-0.0401004458688652	0.5930158048870078	0.026787763622457467	0.16366967838441385	0.028135847376779526	0.004854828866408315	0.06967660200101836	0.10580232162319742
min_geomean_pplx_none	0.7441873720081493	-0.8626629538864813	1.394792499417011e-54	0.6959988728374857	-0.8342654690429694	6.75554626910406e-48	0.6454065328189269	-0.8033719766203741	6.250613605849852e-42	0.6073679798768926	-0.7793381678558369	2.6684557503121053e-111
min_geomean_pplx_filter0	0.47600260278549694	-0.689929418698389	9.015522556982903e-27	0.5449565670055362	-0.7382117358898707	2.9692776024340657e-32	0.42577409491102075	-0.6525136741180377	3.286261260712408e-23	0.45347483037554354	-0.6734053982376021	1.3311950198029432e-72
min_geomean_pplx_prefix0	0.0004874672452833289	0.022078660405090905	0.7686138523966417	0.0037987646208918514	-0.061634118967434356	0.4111170670604556	0.011216620881406812	0.10590854961431023	0.1570696851424079	0.017313216853568677	-0.13157969772563197	0.0021848541493968104
min_geomean_count_none	0.09907828487601737	0.31476703270199274	1.6810174388487378e-05	0.43008073614513537	0.6558054102743704	1.6733660375684362e-23	0.0031260132820556978	0.0559107617731658	0.4559821593418155	0.1610839169243176	0.4013526092157837	2.5645468262559325e-22
min_geomean_count_filter0	0.5230862578930947	-0.7232470241163075	1.9760865939736437e-30	0.5013794600396989	-0.7080815348811879	1.059775519021561e-28	0.5361113192394469	-0.7321962300090372	1.6605621137522433e-31	0.5572023382823471	-0.7464598705103624	3.1040922431592166e-97
min_geomean_normcount_filter0	0.5161456103366491	-0.7184327458688454	7.196271521625997e-30	0.5460183288863786	-0.738930530487392	2.4095903011967664e-32	0.560301303946739	-0.748532767450256	1.3830778781351769e-33	0.5651701185310418	-0.7517779715654362	2.33106533101515e-99
min_max_prob_none	0.1395624617567356	0.37358059606560884	2.3986693067581045e-07	0.05612032534835857	0.23689728860491116	0.0013653846355948344	0.028955851813993187	0.1701641907511483	0.022385116146781344	0.0961510023137475	0.31008225088474106	1.6881249013742177e-13
min_max_prob_filter0	0.11295893648502253	0.33609364243469786	3.975667268517494e-06	0.04038955464758389	0.2009715269573874	0.006826561280448719	0.027683009846269025	0.1663821199716755	0.0255963416122679	0.0708728843948424	0.2662196168482751	3.260970653109109e-10
min_max_pplx_none	0.6733943469802034	-0.82060608514695	4.0637960073112466e-45	0.357316240472288	-0.5977593499664292	8.074547367885706e-19	0.5124691352054825	-0.7158694959316835	1.4164732252064858e-29	0.5049096451570512	-0.7105699438880392	3.5815949348173646e-84
min_max_pplx_filter0	0.17458379276999483	-0.41783225434376753	5.348928011402623e-09	0.2907723389639619	-0.5392331026225688	5.735453746050626e-15	0.4010018961173379	-0.6332471050998479	1.4517059979381477e-21	0.321239186277459	-0.5667796629003717	3.258807029450303e-47
min_max_pplx_prefix0	3.322161762150891e-05	0.005763819707581849	0.9387892882122948	0.003231417072685894	-0.05684555455517955	0.44847310531922613	0.010113771073071749	0.10056724652227358	0.17918801972873594	0.01796055827282711	-0.13401700740140077	0.0018014755138596166
min_max_count_none	0.0002503939148427805	-0.01582384007890564	0.833017382955374	0.03451396861328989	0.18577935464763	0.012528332586346598	0.0021079415184388395	-0.04591232425437466	0.5405311633692355	0.0043289457962674945	0.06579472468418342	0.12675025973959644
min_max_count_filter0	0.5732116559008263	-0.7571074269222475	9.640534101019801e-35	0.5269628846958001	-0.7259220927178068	9.522799351277067e-31	0.5038546284729924	-0.7098271821175859	6.789205112608108e-29	0.5735762658342557	-0.7573481800560794	1.2127852016232694e-101
min_max_normcount_filter0	0.4008875514707247	-0.6331568142812053	1.476783011463062e-21	0.5333740414352909	-0.730324613740555	2.810281032348239e-31	0.5372436478426142	-0.7329690633598489	1.3345745240520085e-31	0.4947105910852193	-0.7033566599423221	8.723011386185155e-82
min_min_prob_none	0.01978763084109443	0.14066851403599326	0.05963341757833938	0.0013892104650681221	-0.03727211377247234	0.6193676353793902	0.000856630143198336	0.029268244621062194	0.6965198169839499	4.7155973066106585e-05	0.006867020683390038	0.8735056025253709
min_min_prob_filter0	0.032035641469267476	-0.17898503141119784	0.016214436901154698	0.0013883398846143468	-0.037260433231705005	0.6194775081489545	0.0009103517942525129	0.030172036627521732	0.6876312019132542	2.7356882532391398e-05	0.0052303807253766335	0.9034833239758087
min_min_pplx_none	0.5868996766748937	-0.7660937779899363	5.237193195981893e-36	0.7034407267739111	-0.8387137335073935	7.403196150832499e-49	0.616914911171564	-0.785439310941058	6.205815061457548e-39	0.49856252592588246	-0.7060896019103259	1.109169337476278e-82
min_min_pplx_filter0	0.6989938815695101	-0.8360585395589893	2.7928927779983857e-48	0.6043104780509541	-0.7773740914456527	1.1180960556972337e-37	0.4326286273600566	-0.6577451081992602	1.1198337558291302e-23	0.5408974174067107	-0.7354572845561533	5.282367521750305e-93
min_min_pplx_prefix0	0.004508462000695849	-0.06714508173124707	0.37047655611943	7.266758211772683e-06	0.002695692529160676	0.9713504443205195	0.0034206368427192047	-0.05848621070576555	0.4354637973949942	0.017317591137936107	-0.13159631886164638	0.0021820045626405314
min_min_count_none	0.3645679491351717	0.6037946249637965	2.9125470516597506e-19	0.44179008749984416	-0.6646729176819559	2.603131430673279e-24	3.672981478853486e-05	0.006060512749638834	0.9356450799592763	0.125419242249199	0.35414579236410393	2.1178953799351598e-17
min_min_count_filter0	0.46690704523336196	-0.6833059675089644	4.209726661829502e-26	0.48618132847768813	-0.697267042443344	1.5569923642805203e-27	0.3850872429423853	-0.6205539806836995	1.5274623685979627e-20	0.46302820831168284	-0.680461761094393	1.1469951122471644e-74
min_min_normcount_filter0	0.5034266678293732	-0.7095256639681	7.333737961878555e-29	0.5553724520065385	-0.745233152782764	3.74622380213314e-33	0.5576624283487807	-0.746767988299432	2.361194765951688e-33	0.5137062702807884	-0.7167330537102279	2.8574182806759245e-86
min_join_prob_none	0.01978763084109443	0.14066851403599326	0.05963341757833938	0.0013892104650681221	-0.03727211377247234	0.6193676353793902	0.000856630143198336	0.029268244621062194	0.6965198169839499	4.7155973066106585e-05	0.006867020683390038	0.8735056025253709
min_join_prob_filter0	0.032035641469267476	-0.17898503141119784	0.016214436901154698	0.0013883398846143468	-0.037260433231705005	0.6194775081489545	0.0009103517942525129	0.030172036627521732	0.6876312019132542	2.7356882532391398e-05	0.0052303807253766335	0.9034833239758087
min_join_pplx_none	0.5868996766748937	-0.7660937779899363	5.237193195981893e-36	0.7034407267739111	-0.8387137335073935	7.403196150832499e-49	0.616914911171564	-0.785439310941058	6.205815061457548e-39	0.49856252592588246	-0.7060896019103259	1.109169337476278e-82
min_join_pplx_filter0	0.6989938815695101	-0.8360585395589893	2.7928927779983857e-48	0.6043104780509541	-0.7773740914456527	1.1180960556972337e-37	0.4326286273600566	-0.6577451081992602	1.1198337558291302e-23	0.5408974174067107	-0.7354572845561533	5.282367521750305e-93
min_join_pplx_prefix0	0.004508462000695849	-0.06714508173124707	0.37047655611943	7.266758211772683e-06	0.002695692529160676	0.9713504443205195	0.0034206368427192047	-0.05848621070576555	0.4354637973949942	0.017317591137936107	-0.13159631886164638	0.0021820045626405314
min_join_count_none	0.3645679491351717	0.6037946249637965	2.9125470516597506e-19	0.44179008749984416	-0.6646729176819559	2.603131430673279e-24	3.672981478853486e-05	0.006060512749638834	0.9356450799592763	0.125419242249199	0.35414579236410393	2.1178953799351598e-17
min_join_count_filter0	0.46690704523336196	-0.6833059675089644	4.209726661829502e-26	0.48618132847768813	-0.697267042443344	1.5569923642805203e-27	0.3850872429423853	-0.6205539806836995	1.5274623685979627e-20	0.46302820831168284	-0.680461761094393	1.1469951122471644e-74
min_join_normcount_filter0	0.5034266678293732	-0.7095256639681	7.333737961878555e-29	0.5553724520065385	-0.745233152782764	3.74622380213314e-33	0.5576624283487807	-0.746767988299432	2.361194765951688e-33	0.5137062702807884	-0.7167330537102279	2.8574182806759245e-86
