pregen	mscoco_R^2	mscoco_R	mscoco_p	flickr30k_R^2	flickr30k_R	flickr30k_p	flickr8k_R^2	flickr8k_R	flickr8k_p	all_R^2	all_R	all_p
sum_sum_prob_none	0.5088601912435546	0.7133443707239545	2.7401816052449554e-29	0.43677605124867314	0.6608903473713874	5.801652197806169e-24	0.5813471624595764	0.7624612530873791	1.7265974999770597e-35	0.37789715113110206	0.6147333984184543	1.9736738415171675e-57
sum_sum_prob_filter0	0.6000291089085253	0.7746154587332513	2.9239260962614168e-37	0.5675097656405783	0.7533324403213885	3.156492271520419e-34	0.6050511118173976	0.777850314531914	9.458073768058067e-38	0.42001565606669483	0.6480861486459149	1.2094489309260468e-65
sum_sum_prob_prefix0	7.822647282310202e-05	0.008844573071839138	0.9061960090514339	0.0015025498198549781	0.03876273751755645	0.6054159850001164	0.000167803957394101	0.012953916681610276	0.8629725444998725	0.04877911848339764	0.2208599521945924	2.1649398183887855e-07
sum_sum_pplx_none	0.12600694493208384	-0.354974569416013	1.0110050819824232e-06	0.11913971694256821	-0.3451662163980829	2.082113181038318e-06	0.12848310277047154	-0.35844539719526536	7.783562190606935e-07	0.0031746616584908136	-0.0563441359725288	0.19110268384105597
sum_sum_count_none	0.0001706639833740181	-0.013063842596036516	0.8618212883847151	0.0020448896956430087	-0.04522045660586599	0.5466564717356227	0.00048195403809368314	-0.021953451621412136	0.7698892508373375	0.036254074877048785	0.19040502849727678	8.382230916300447e-06
sum_sum_count_filter0	0.016883084778783645	-0.12993492516942334	0.08212401973661249	0.016564941211593597	-0.128704860870107	0.08508837562728301	0.014531687999306193	-0.12054745123521357	0.10697714410362649	0.012369329239744457	0.11121748621392437	0.009695602628847276
sum_sum_count_prefix0	0.07534729509174017	0.27449461760067384	0.00019227193306470521	0.03657333336081076	0.19124155761970452	0.010120628838144035	0.038398428345286846	0.19595516922318443	0.008381369100704564	0.12671250953071508	0.3559670062389422	1.4153304809375438e-17
sum_sum_normcount_none	1.8416230673983233e-09	-4.291413598569035e-05	0.9995438155625425	3.458268705369558e-12	1.8596420906641036e-06	0.9999802314761025	6.30033327076449e-12	2.510046467849647e-06	0.999973317634862	0.04265009255705208	0.20651898836923466	1.296948480771266e-06
sum_sum_normcount_filter0	0.014412066938470086	-0.12005026838149961	0.10844246851214534	0.008634390138603948	-0.09292141915943787	0.21472673874066348	0.011460698746659916	-0.10705465308271246	0.15260320479374503	0.016599306199238842	0.12883829476999004	0.002704197563460708
sum_sum_normcount_prefix0	0.08350094667424734	0.28896530358201716	8.349956864125161e-05	0.056933654258114176	0.2386077414044108	0.0012567500247362392	0.05001723258075999	0.2236453276524238	0.002545043601274659	0.13498731247119425	0.3674061954719793	1.0598329717129194e-18
sum_mean_prob_none	0.5088603595472382	0.7133444886919911	2.740097591577871e-29	0.43677605124867314	0.6608903473713874	5.801652197806169e-24	0.5813471624595764	0.7624612530873791	1.7265974999770597e-35	0.3778972443909755	0.6147334742723675	1.9735940116107728e-57
sum_mean_prob_filter0	0.6000292235903982	0.7746155327582828	2.9238512084472506e-37	0.5675097656405783	0.7533324403213885	3.156492271520419e-34	0.6050511118173973	0.7778503145319139	9.458073768058424e-38	0.42001572484553373	0.6480862017089499	1.2094102519433375e-65
sum_mean_prob_prefix0	7.805723802209277e-05	0.00883500073696051	0.9062970672262415	0.0015025498198549792	0.03876273751755646	0.6054159850001164	0.00016780395739410186	0.01295391668161031	0.8629725444998725	0.04877398857208773	0.220848338395578	2.168189390764877e-07
sum_mean_pplx_none	0.12600496358602978	-0.35497177857687473	1.0112164409178556e-06	0.11913971694256817	-0.34516621639808287	2.082113181038318e-06	0.12848310277047154	-0.35844539719526536	7.783562190606935e-07	0.0031845105752893264	-0.05643146795263549	0.19041460465329288
sum_mean_count_none	0.00017003816811050792	-0.013039868408481273	0.8620723457614079	0.0020448896956430113	-0.045220456605866016	0.5466564717356227	0.000481954038093683	-0.021953451621412132	0.7698892508373375	0.036251797631619356	0.19039904839998376	8.387802002046674e-06
sum_mean_count_filter0	0.016879878000157583	-0.12992258464238457	0.08215334155985413	0.01656494121159359	-0.12870486087010696	0.08508837562728301	0.01453168799930621	-0.12054745123521364	0.10697714410362649	0.012363699539974933	0.11119217391514087	0.009712280365011337
sum_mean_count_prefix0	0.07536516592141175	0.27452716791132303	0.0001919213049888739	0.036573333360810784	0.19124155761970457	0.010120628838144035	0.03839842834528683	0.1959551692231844	0.008381369100704564	0.1267249037588328	0.35598441505048056	1.4098702261434586e-17
sum_mean_normcount_none	1.3970579855798765e-13	3.737723887046603e-07	0.9999960273021334	3.458268705377779e-12	1.859642090666314e-06	0.9999802314761025	6.3003332707503e-12	2.5100464678468206e-06	0.999973317634862	0.04265306996285513	0.20652619679560055	1.2958219673226168e-06
sum_mean_normcount_filter0	0.014405413324392838	-0.12002255339890432	0.10852461272189813	0.008634390138603955	-0.09292141915943791	0.21472673874066348	0.011460698746659915	-0.10705465308271245	0.15260320479374503	0.01659593733561758	0.12882522010700226	0.002706923627464474
sum_mean_normcount_prefix0	0.08353298399520813	0.28902073281203916	8.322589751601896e-05	0.05693365425811416	0.23860774140441077	0.0012567500247362392	0.05001723258075998	0.22364532765242376	0.002545043601274659	0.1350097437128183	0.3674367206919013	1.0523804382055618e-18
sum_median_prob_none	0.5309166084593847	0.72864024625283	4.495266565007735e-31	0.21226300131963347	0.46072008998917496	7.622112113903804e-11	0.5576093186953451	0.7467324277780798	2.386671367221975e-33	0.4082729051565029	0.6389623659938846	2.6939250351490935e-63
sum_median_prob_filter0	0.6009240344884194	0.7751929014693177	2.3936923364031745e-37	0.45392507368763074	0.6737396186121392	3.632627248699079e-25	0.552320009292383	0.7431823526513416	6.905803206605796e-33	0.40439441089720546	0.6359201293379582	1.569190233624616e-62
sum_median_prob_prefix0	6.084376090221549e-06	0.00246665281104203	0.9737837468602208	0.0005349490082799881	0.023128964704024	0.7579400223454237	1.3282656311116838e-06	-0.001152504069889423	0.987749166188799	0.0472763748515849	0.21743131065139837	3.35898790952633e-07
sum_median_pplx_none	0.13987224600118253	-0.3739949812513298	2.3206169828662324e-07	0.12839366463921045	-0.3583206171003986	7.857508992958344e-07	0.12907663686250304	-0.3592723714154806	7.310022149370035e-07	0.00627761577618404	-0.07923140650136182	0.06579788028865526
sum_median_pplx_filter0	0.081146939764108	-0.28486301929893953	0.00010626422122349272	0.09045038390400993	-0.3007497030821642	4.0915116453315954e-05	0.07830968698160741	-0.2798386802813496	0.00014205102313422031	0.0005618125349977547	0.023702584985561274	0.5825943332483166
sum_median_count_none	8.256431068817085e-05	-0.00908649055951586	0.9036425136911843	0.000937754832488815	-0.030622782899155574	0.6832140541538435	0.00037222942171785765	-0.019293248086256955	0.7971272806677019	0.03761205350055395	0.19393827239756972	5.640278097730232e-06
sum_median_count_filter0	0.016761625996313943	-0.12946669840663252	0.08324246680129593	0.014305496940788254	-0.11960558908674901	0.10976635058639764	0.015583197995691323	-0.12483267999883413	0.09498352710882886	0.012805023688122218	0.11315928458647226	0.008489655766241075
sum_median_count_prefix0	0.048971907137923966	0.22129597180681795	0.0028319223864612885	0.023898776474935515	0.15459229112389633	0.038256388642624845	0.020206858635180482	0.14215083058209854	0.05696948762282989	0.10698760701933574	0.3270896009036908	6.249880791971939e-15
sum_median_normcount_none	1.3970579855798765e-13	3.737723887046603e-07	0.9999960273021334	3.458268705377779e-12	1.859642090666314e-06	0.9999802314761025	6.3003332707503e-12	2.5100464678468206e-06	0.999973317634862	0.04265306996285513	0.20652619679560055	1.2958219673226168e-06
sum_median_normcount_filter0	0.014336827056875995	-0.11973649008082705	0.10937532843181827	0.00861900567460681	-0.0928386001327401	0.2151374584843663	0.01164869443089595	-0.10792911762307682	0.1492602942247252	0.016590350303221313	0.12880353373732148	0.002711450751796022
sum_median_normcount_prefix0	0.05869852052440424	0.24227777554782906	0.0010498657637511071	0.05123563634917431	0.2263529022327178	0.0022472840212079243	0.03426923398899931	0.18511951271813382	0.01285079776229899	0.11795523876405672	0.34344612206874126	2.1460856130947295e-16
sum_geomean_prob_none	0.5466481729073431	0.7393565938756096	2.1283125294336885e-32	0.35612400935751065	0.5967612666364253	9.538036259928666e-19	0.6444869092726598	0.8027994203240681	7.876625066995075e-42	0.3905410449774909	0.6249328323728006	7.750470489522567e-60
sum_geomean_prob_filter0	0.6084141416575529	0.780009065112421	4.406400594176971e-38	0.5137041294053801	0.7167315602130132	1.1289123896577588e-29	0.5212551167720574	0.7219799974875047	2.7840377517313323e-30	0.40072221310774153	0.6330262341386347	8.23590482028229e-62
sum_geomean_prob_prefix0	0.0163933766723661	0.12803662238737049	0.0867343861301208	0.038518830232970376	0.19626214671446549	0.008277895109253227	0.0030552235908191954	-0.05527407702367535	0.4611364385722634	0.0764358664170981	0.27647037168039923	6.253303147605988e-11
sum_geomean_pplx_none	0.13497793655065216	-0.3673934356390328	3.909445430862346e-07	0.1270651036447866	-0.356461924537231	9.041650430855537e-07	0.1285879249282067	-0.3585915851330127	7.697774134419946e-07	0.005567521795563609	-0.07461582804984214	0.08321790989892554
sum_geomean_count_none	0.00012397354792213007	-0.011134340928951748	0.8820691259852785	0.001332130470440777	-0.03649836257204941	0.6266640299309917	0.0004132639337409061	-0.020328894060939618	0.7864920825647647	0.037431887608091886	0.19347322194063934	5.944660957633822e-06
sum_geomean_count_filter0	0.022010996174945216	-0.14836103320934785	0.04685388927055791	0.017452636420604226	-0.13210842675849344	0.07708947752288281	0.01755138697547644	-0.1324816476930916	0.0762506062076916	0.010360044373356924	0.10178430317763601	0.017985338442700987
sum_geomean_count_prefix0	0.1373068391560588	0.3705493747883793	3.0511061478589783e-07	0.10868451258596232	0.329673342243443	6.207206509081447e-06	0.01279478823446266	0.11311404967758276	0.13056743499253387	0.1617550312256243	0.4021878059136357	2.0636337541746167e-22
sum_geomean_normcount_none	1.3970579855798765e-13	3.737723887046603e-07	0.9999960273021334	3.458268705377779e-12	1.859642090666314e-06	0.9999802314761025	6.3003332707503e-12	2.5100464678468206e-06	0.999973317634862	0.04265306996285513	0.20652619679560055	1.2958219673226168e-06
sum_geomean_normcount_filter0	0.019158901564986258	-0.13841568395592407	0.06387755175788234	0.010391162607370349	-0.1019370521810904	0.17330809619034448	0.013795003554278708	-0.11745213303417996	0.11635754239879473	0.013758348672383326	0.1172959874521858	0.006356107755153238
sum_geomean_normcount_prefix0	0.1469942963453183	0.3833983520378228	1.0818372190463572e-07	0.14355929483777588	0.3788921942159483	1.5642026148329025e-07	0.02021309524512572	0.1421727654831463	0.05693081702200821	0.16993724455542242	0.41223445338232273	1.4394572149488436e-23
sum_max_prob_none	0.5063080361273072	0.7115532560021823	4.3569228969162474e-29	0.43382684161195634	0.6586553283865214	9.265164109681192e-24	0.5679976132675275	0.7536561638224207	2.8536292189681773e-34	0.3743025375993742	0.6118026949919183	9.341646123923833e-57
sum_max_prob_filter0	0.5991883740522613	0.7740725896531031	3.5271717796374917e-37	0.5661498423018491	0.752429293888701	4.178910946348881e-34	0.6046564666501296	0.7775965963468009	1.0340582924569836e-37	0.41895749051065484	0.647269256577705	1.9773371434027037e-65
sum_max_prob_prefix0	0.0003426281468994545	0.018510217364997486	0.8051933194704326	0.0011671965487609283	0.03416425835227407	0.6488924947483625	0.0021920842898665825	0.04681969980538729	0.5325498208789442	0.05119509930316808	0.22626334060816852	1.0678698867513787e-07
sum_max_pplx_none	0.11641789015523864	-0.3412006596641317	2.769331054362903e-06	0.1106210564248365	-0.33259743899320166	5.073564864692991e-06	0.12661960879819253	-0.3558364916618201	9.477075897925119e-07	0.0017029789383464526	-0.041267165378136315	0.33849263795925144
sum_max_count_none	0.0007815810195180666	-0.0279567705487967	0.7094914371150766	0.007083560108298728	-0.08416388838628315	0.26130812407434234	0.0009338075671553427	-0.030558265120182178	0.683845649889415	0.029548784817324935	0.17189759980094235	5.939331913518355e-05
sum_max_count_filter0	0.009194285103598735	-0.09588683488153489	0.200387983962367	0.01752028882428022	-0.1323642278875989	0.07651372557227172	0.008898492826094237	-0.09433182297662988	0.20781807728543078	0.01571736373963622	0.1253689105784852	0.0035219378011660052
sum_max_count_prefix0	0.1061220600373924	0.32576381020210393	8.1020786422222e-06	0.042369837381279266	0.20583934847661967	0.005569009160553292	0.06418378917159241	0.25334519764856883	0.0006003468594344294	0.14706085972123192	0.38348514928381766	2.317429063908078e-20
sum_max_normcount_none	1.3970579855798765e-13	3.737723887046603e-07	0.9999960273021334	3.458268705377779e-12	1.859642090666314e-06	0.9999802314761025	6.3003332707503e-12	2.5100464678468206e-06	0.999973317634862	0.04265306996285513	0.20652619679560055	1.2958219673226168e-06
sum_max_normcount_filter0	0.005376298140436451	-0.0733232442028887	0.32797612408921883	0.0032985039033330485	-0.057432603139097295	0.44379324543288035	0.0044159965996236885	-0.06645296531851448	0.3754402477019898	0.025585837425045433	0.15995573583040226	0.00018960299069343905
sum_max_normcount_prefix0	0.10725652108647958	0.3275004138722264	7.201110793463145e-06	0.06069210748940826	0.24635768201825625	0.0008568635054446727	0.06490940900739513	0.25477325018022423	0.0005575579271078265	0.1502278877635242	0.3875924248015229	8.431427176636402e-21
sum_min_prob_none	0.3016814903943744	0.5492553963270406	1.4180587028601776e-15	0.323485008194423	0.5687574247378429	8.146576318843695e-17	0.378584175335461	0.6152919431745072	3.92816221753777e-20	0.21503285281781545	0.4637163495261036	3.8216860960724755e-30
sum_min_prob_filter0	0.29323211304427477	0.5415091070741791	4.192911257596614e-15	0.28518333098714327	0.5340255901987687	1.1642097112133996e-14	0.3380500301501554	0.5814206997950412	1.1493850827830563e-17	0.2092539042176949	0.4574427879174563	2.786060354740059e-29
sum_min_prob_prefix0	0.000784260517957297	-0.02800465171997854	0.709016351846637	0.019931326223521242	0.14117834898992565	0.05870584333236526	0.02839598945207783	-0.1685110959316265	0.023743265289977063	0.03840292866750484	0.19596665192706855	4.4781626252974365e-06
sum_min_pplx_none	0.12903492465416438	-0.35921431577007673	7.342346879254513e-07	0.11825217859344056	-0.3438781449778985	2.285208554322689e-06	0.1263182177207204	-0.3554127427663792	9.783386905947916e-07	0.0067065338697842244	-0.08189342995493731	0.05719509841815944
sum_min_pplx_filter0	0.11266438909658043	-0.3356551639653119	4.099803209479036e-06	0.10073696048557623	-0.3173908638974604	1.4160097862062106e-05	0.09541742572795334	-0.3088971118802397	2.4532021588548937e-05	0.0005703821476838319	-0.02388267463421616	0.5797320565337138
sum_min_count_none	5.8676255134643795e-08	-0.00024223182106123835	0.9974250396351487	0.00010273043439536342	-0.010135602320304572	0.8925806584317781	0.00016608071830747994	-0.012887230823861267	0.8636710875103286	0.04307163335528218	0.20753706501558264	1.1468065412857263e-06
sum_min_count_filter0	0.042840813703851385	-0.20698022539327612	0.005306085464146561	0.022432212578151027	-0.14977387148014512	0.04477500777654454	0.029323739845862236	-0.1712417584757358	0.02153632321984932	0.005159357386081091	0.07182866688224898	0.09542817852031213
sum_min_count_prefix0	0.06877970922814984	0.2622588591985976	0.000375805326206874	0.06824459853897918	0.26123667150493857	0.0003968778507772	0.00034115191741353884	0.018470298249176672	0.8056050873514286	0.11777044406796547	0.3431769865069123	2.27222133229244e-16
sum_min_normcount_none	1.3970579855798765e-13	3.737723887046603e-07	0.9999960273021334	3.458268705377779e-12	1.859642090666314e-06	0.9999802314761025	6.3003332707503e-12	2.5100464678468206e-06	0.999973317634862	0.04265306996285513	0.20652619679560055	1.2958219673226168e-06
sum_min_normcount_filter0	0.04312115471472287	-0.20765633800759098	0.005155569007625703	0.022819969354844417	-0.15106279937444697	0.04294629037635105	0.028910305701570764	-0.17003030818524903	0.022492562249630574	0.004644196816337929	0.06814834419366277	0.1136965996352998
sum_min_normcount_prefix0	0.088964431001206	0.2982690580687276	4.76673216490115e-05	0.11956847451639496	0.345786747167087	1.990521680896301e-06	0.005498245316846751	0.07415015385585354	0.322535653736598	0.13449762851382166	0.3667391832267472	1.2362951310361874e-18
sum_join_prob_none	0.5088601912435546	0.7133443707239545	2.7401816052449554e-29	0.43677605124867314	0.6608903473713874	5.801652197806169e-24	0.5813471624595765	0.7624612530873792	1.726597499977019e-35	0.37789715113110206	0.6147333984184543	1.9736738415171675e-57
sum_join_prob_filter0	0.6000291089085253	0.7746154587332513	2.9239260962614168e-37	0.5675097656405783	0.7533324403213885	3.156492271520419e-34	0.6050511118173976	0.777850314531914	9.458073768058067e-38	0.420015656066695	0.648086148645915	1.2094489309258747e-65
sum_join_prob_prefix0	7.822647282310217e-05	0.008844573071839147	0.9061960090514339	0.0015025498198549788	0.038762737517556455	0.6054159850001164	0.00016780395739410112	0.012953916681610281	0.8629725444998725	0.048779118483397624	0.22085995219459237	2.1649398183887855e-07
sum_join_pplx_none	0.1260069449320838	-0.35497456941601296	1.0110050819824232e-06	0.11913971694256821	-0.3451662163980829	2.082113181038318e-06	0.12848310277047154	-0.35844539719526536	7.783562190606935e-07	0.0031746616584908136	-0.0563441359725288	0.19110268384105597
sum_join_count_none	0.0001706639833740181	-0.013063842596036516	0.8618212883847151	0.0020448896956430087	-0.04522045660586599	0.5466564717356227	0.00048195403809368314	-0.021953451621412136	0.7698892508373375	0.036254074877048785	0.19040502849727678	8.382230916300447e-06
sum_join_count_filter0	0.016883084778783645	-0.12993492516942334	0.08212401973661249	0.016564941211593597	-0.128704860870107	0.08508837562728301	0.014531687999306193	-0.12054745123521357	0.10697714410362649	0.012369329239744457	0.11121748621392437	0.009695602628847276
sum_join_count_prefix0	0.07534729509174017	0.27449461760067384	0.00019227193306470521	0.03657333336081076	0.19124155761970452	0.010120628838144035	0.038398428345286846	0.19595516922318443	0.008381369100704564	0.12671250953071508	0.3559670062389422	1.4153304809375438e-17
sum_join_normcount_none	1.8416230673983233e-09	-4.291413598569035e-05	0.9995438155625425	3.458268705369558e-12	1.8596420906641036e-06	0.9999802314761025	6.30033327076449e-12	2.510046467849647e-06	0.999973317634862	0.04265009255705208	0.20651898836923466	1.296948480771266e-06
sum_join_normcount_filter0	0.01441206693847009	-0.12005026838149963	0.10844246851214534	0.008634390138603945	-0.09292141915943786	0.21472673874066348	0.011460698746659923	-0.10705465308271249	0.15260320479374503	0.016599306199238828	0.12883829476998998	0.002704197563460708
sum_join_normcount_prefix0	0.0835009466742473	0.2889653035820171	8.349956864125161e-05	0.05693365425811416	0.23860774140441077	0.0012567500247362392	0.05001723258075997	0.22364532765242373	0.002545043601274659	0.13498731247119425	0.3674061954719793	1.0598329717129194e-18
mean_sum_prob_none	0.7152947233940643	0.8457509819054686	1.9459128449707236e-50	0.5594881078719339	0.7479893768443064	1.631453830306495e-33	0.7954600199635475	0.8918856540855153	3.051078023020659e-63	0.6842313499626529	0.8271827790534888	8.884624287045486e-137
mean_sum_prob_filter0	0.8690788207827389	0.9322439706336206	1.6600059483817186e-80	0.7303423873373354	0.8546007180767726	1.5339085392790997e-52	0.8306085194054623	0.91137726513528	1.5391481705497035e-70	0.7911454741230673	0.8894635878567865	4.2170963752545346e-185
mean_sum_prob_prefix0	0.028552008938987652	0.1689733971339502	0.02335648906782324	0.15178964027322944	0.38960189973000575	6.452661387048641e-08	0.019213048202987172	0.13861114025570662	0.06349979070881151	0.12473953392913242	0.3531848438553563	2.6170428170479124e-17
mean_sum_pplx_none	0.8962019768031734	-0.946679447755772	1.7396684937090534e-89	0.8559153644004912	-0.9251569404163227	8.442524136259868e-77	0.884731981876715	-0.9406019252992814	1.9700895777928633e-85	0.6837640865570027	-0.8269002881587373	1.3229173024853165e-136
mean_sum_count_none	0.9359789431422498	-0.9674600473106111	3.5731798000046846e-108	0.7601479176076741	-0.8718646211469268	4.4656421214185916e-57	0.41213508969559964	-0.6419774837917601	2.697270516584011e-22	0.2232709627622856	-0.4725155688041248	2.196257161562442e-31
mean_sum_count_filter0	0.9718512733430428	-0.9858251738229465	6.082462305288753e-140	0.9678123474707663	-0.9837745409750988	9.278812630387325e-135	0.9761639207973744	-0.9880100813237557	2.2656811596511227e-146	0.6037794076621703	-0.7770324366859921	3.0934729074764516e-110
mean_sum_count_prefix0	0.9943096877698542	0.9971507848715029	9.648461976098273e-202	0.7894889177352837	0.8885318889805158	3.96531663748562e-62	0.7929692751583902	0.8904882229195343	8.973495855963472e-63	0.8855420415312737	0.941032433835983	2.1797735564625124e-255
mean_sum_normcount_filter0	0.9734470800473738	-0.9866342179589018	3.372031415678072e-142	0.9701613992404039	-0.9849677148213559	1.0912048841098694e-137	0.9609647183528335	-0.9802880792669232	2.656866041718385e-127	0.8075970410436566	-0.8986640312395153	1.085221113103025e-194
mean_sum_normcount_prefix0	0.994987955011787	0.9974908295376891	1.1982033404806193e-206	0.8940663559578684	0.9455508214569265	1.0670087370631694e-88	0.8989697698497569	0.9481401636096621	1.5672788892417575e-90	0.9295272818193517	0.9641199519869671	4.675308121344e-312
mean_mean_prob_none	0.715294768686382	0.845751008681859	1.9458852331831352e-50	0.5594881078719337	0.7479893768443063	1.6314538303065686e-33	0.7954600199635475	0.8918856540855153	3.051078023020659e-63	0.6842313598542274	0.827182785032563	8.884549356945229e-137
mean_mean_prob_filter0	0.8690788236002998	0.932243972144792	1.6600027661972107e-80	0.7303423873373356	0.8546007180767727	1.5339085392789871e-52	0.8306085194054623	0.91137726513528	1.5391481705497035e-70	0.7911454843354437	0.8894635935975366	4.2170408797329594e-185
mean_mean_prob_prefix0	0.028427324638955108	0.16860404692342087	0.023665059962801493	0.15178964027322944	0.38960189973000575	6.452661387048641e-08	0.01921304820298725	0.1386111402557069	0.0634997907088087	0.12471979482322042	0.35315689830898167	2.6331698652407395e-17
mean_mean_pplx_none	0.895931288723779	-0.9465364698329267	2.193808163441969e-89	0.8559153644004912	-0.9251569404163227	8.442524136259868e-77	0.8847319818767148	-0.9406019252992813	1.9700895777931796e-85	0.6836095716908934	-0.8268068527116194	1.5088605569633658e-136
mean_mean_count_none	0.9345969217157591	-0.9667455310037689	2.392644115551426e-107	0.7601479176076748	-0.8718646211469271	4.465642121417578e-57	0.41213508969559975	-0.6419774837917602	2.697270516583965e-22	0.22316010886245777	-0.4723982523914094	2.282765345306026e-31
mean_mean_count_filter0	0.9717085797870461	-0.9857527985184957	9.540135699680295e-140	0.967812347470766	-0.9837745409750986	9.278812630392844e-135	0.9761639207973744	-0.9880100813237557	2.2656811596511227e-146	0.6032757867746646	-0.7767083022439406	4.3553614063142034e-110
mean_mean_count_prefix0	0.9943221778599936	0.9971570477412239	7.934535951893717e-202	0.7894889177352837	0.8885318889805158	3.96531663748562e-62	0.7929692751583901	0.8904882229195342	8.973495855964328e-63	0.8855393740724689	0.9410310165305227	2.193484790706556e-255
mean_mean_normcount_filter0	0.9733005461447793	-0.9865599556766833	5.50353943054047e-142	0.9701613992404037	-0.9849677148213558	1.091204884110581e-137	0.9609647183528337	-0.9802880792669233	2.656866041717082e-127	0.8065459042817967	-0.8980790078171278	4.7022177242040995e-194
mean_mean_normcount_prefix0	0.9949964414924691	0.9974950834427552	1.030449327653446e-206	0.8940663559578687	0.9455508214569266	1.0670087370629951e-88	0.8989697698497566	0.948140163609662	1.5672788892420453e-90	0.9296844467265973	0.9642014554679936	2.56415736604e-312
mean_median_prob_none	0.6931381781561664	0.8325492046456873	1.5579836679767417e-47	0.27071744235478107	0.5203051435021386	7.100928611039184e-14	0.7016136091771372	0.8376237873754167	1.2805098377373527e-48	0.6242877825268621	0.7901188407618579	1.88040973076589e-116
mean_median_prob_filter0	0.7646611146898059	0.8744490349298842	8.210785931205067e-58	0.5790016095314773	0.7609215528104571	2.844472821189562e-35	0.7027120861124309	0.8382792411317549	9.21493064447205e-49	0.6192660620832893	0.7869345983519147	6.716195254478056e-115
mean_median_prob_prefix0	0.0004616502206541865	0.021486047115609388	0.7746557431554514	0.0446496031676103	0.21130452708735395	0.004407508890184428	0.0005865304575262258	-0.0242183908946533	0.746916775498006	0.08512096446056736	0.2917549733261926	4.6763293995454596e-12
mean_median_pplx_none	0.8625160935998574	-0.9287174455128198	1.2949964939027697e-78	0.8499830501872189	-0.921945253356846	3.0724131625297837e-75	0.8758171857733396	-0.935851048924635	1.4998409615098302e-82	0.7207274728716536	-0.848956696699928	3.879183447755392e-151
mean_median_pplx_filter0	0.8324041874869182	-0.912361873100207	5.9551137004177516e-71	0.838248640967237	-0.9155591957744933	2.520204782497565e-72	0.8688854238571571	-0.9321402382995582	1.893268965017162e-80	0.6055547622891139	-0.7781739922980682	9.229432006465048e-111
mean_median_count_none	0.9082963298023696	-0.9530458172629318	2.8130724521114856e-94	0.5582187716911023	-0.7471403962382855	2.1099622388593523e-33	0.31062643569031667	-0.5573387082289518	4.4387622270558594e-16	0.2080522150114917	-0.45612741094072795	4.203616226728641e-29
mean_median_count_filter0	0.9718760122480997	-0.9858377210515429	5.62456560954204e-140	0.9562049344724298	-0.9778573180543416	7.457190462480442e-123	0.9729930363030063	-0.9864040938190627	1.5252498360773048e-141	0.6393018525295863	-0.7995635387694878	3.197082330949305e-121
mean_median_count_prefix0	0.9909180987140563	0.9954486921554804	1.1371356393974247e-183	0.6776918249784213	0.8232203987866319	1.2462680015405984e-45	0.6641821653894667	0.8149737206741495	4.864064110737367e-44	0.8244885974107581	0.9080135447286886	1.9779685004032377e-205
mean_median_normcount_filter0	0.9731446855738893	-0.9864809605734361	9.239667217441726e-142	0.9647485706462481	-0.9822161527109234	3.0377636949646806e-131	0.9584639727042095	-0.979011732669333	6.684190310010583e-125	0.8001070372806722	-0.8944870246575253	3.1557399070253167e-190
mean_median_normcount_prefix0	0.9925255753185018	0.996255778060284	3.3585560673473295e-191	0.8483667640944538	0.9210682733079312	7.981783747004321e-75	0.8012152057331251	0.8951062538789041	2.39745362753906e-64	0.8333937422636916	0.9129040159094994	1.624514596000048e-211
mean_geomean_prob_none	0.7049424621541277	0.8396085171996099	4.7069184663687576e-49	0.4486565709245358	0.6698183118760906	8.586626105700117e-25	0.8269055017546165	0.909343445434461	1.057058580852609e-69	0.6301132658539202	0.79379674089399	2.7968055372733215e-118
mean_geomean_prob_filter0	0.7733451179233946	0.8794004309320042	2.8755508682215143e-59	0.6458652934638903	0.8036574478370062	5.568416597700302e-42	0.6970419594569657	0.8348903876898845	4.9715196264966867e-48	0.5903013420722474	0.768310706727589	2.530552940951061e-106
mean_geomean_prob_prefix0	0.6801899745615247	0.8247363060769938	6.2240398809200406e-46	0.5811773749459724	0.7623499032242166	1.790300103018146e-35	0.09344676437466212	-0.3056906350784435	3.0057199589433157e-05	0.2738196232701827	0.5232777687521062	2.731997580502864e-39
mean_geomean_pplx_none	0.8673105291911686	-0.931295081696005	5.484152936769566e-80	0.8724014077201763	-0.9340243078850659	1.6814862841817876e-81	0.88415595160883	-0.9402956724397012	3.07115510839567e-85	0.7318524050033741	-0.8554837257384702	6.861545359499437e-156
mean_geomean_count_none	0.9183429060070484	-0.9583020953786172	9.159300036469952e-99	0.6755596319633089	-0.82192434686126	2.2446149540737272e-45	0.3639272581793601	-0.6032638379509915	3.188572050541396e-19	0.2160321369280486	-0.46479257408875263	2.7067530098117086e-30
mean_geomean_count_filter0	0.9761230785264907	-0.9879894121530305	2.638640838507284e-146	0.9700051530756341	-0.9848883962539279	1.7370420971089182e-137	0.9777967726589989	-0.988836069659172	4.092365736713089e-149	0.6720699857168758	-0.8197987470817919	2.330142560063839e-132
mean_geomean_count_prefix0	0.97613961890936	0.9879977828463786	2.4807992372473085e-146	0.8046689269889112	0.8970334034967211	5.027784062618637e-65	0.23363758529476275	0.48336071964399707	6.2937013862519805e-12	0.7041665001862584	0.8391462924819834	2.1081899281012764e-144
mean_geomean_normcount_filter0	0.9781303830590499	-0.9890047436989622	1.063487711373651e-149	0.9751032231030987	-0.9874731505732693	1.0921230524140257e-144	0.9664655450620463	-0.9830897950147007	3.5658629212144294e-133	0.8167544132167538	-0.9037446615149402	2.1683984426792718e-200
mean_geomean_normcount_prefix0	0.9769745416589696	0.9884202252377121	1.041499107089401e-147	0.8663481538095673	0.9307782516848829	1.0439364921207868e-79	0.3735129633650539	0.6111570693079267	8.150521926798245e-20	0.7725538848774167	0.8789504450635524	3.9126322697637624e-175
mean_max_prob_none	0.7159787269262587	0.8461552617139828	1.5701656946427879e-50	0.5542944313753315	0.7445095240326557	4.651660959931377e-33	0.7857369835025623	0.8864180636147722	1.9148207681835164e-61	0.6805890628456065	0.8249782196189221	1.9481375982910995e-135
mean_max_prob_filter0	0.8736408809062907	0.9346875846539798	7.048420721756614e-82	0.7268599501060957	0.8525608190071227	4.817169196684051e-52	0.8358202944062235	0.9142320790730456	9.506574054123902e-72	0.794897178807394	0.8915700638802281	3.208883495464033e-187
mean_max_prob_prefix0	0.2172727425209648	0.4661252433852567	4.272174347053427e-11	0.18806703436110694	0.4336669624966916	1.192333756442921e-09	0.2647395295626929	0.5145284535987227	1.4842808043854774e-13	0.19872820003472694	0.44578941220572627	1.0018777132755757e-27
mean_max_pplx_none	0.9082936867177909	-0.9530444306105518	2.820301643354368e-94	0.7787775331126607	-0.8824837296588877	3.307746489050287e-60	0.8465171634840982	-0.9200636736031361	2.3506584699530176e-74	0.5802653089720681	-0.7617514745453848	1.7147179450741124e-103
mean_max_count_none	0.9575802716026649	-0.9785603055523276	4.354791031802012e-124	0.877862076408853	-0.936942941917411	3.417978262931269e-83	0.6573618241314437	-0.8107785296438502	2.9265153588062374e-43	0.23321251762288886	-0.48292081920630514	6.72116718807821e-33
mean_max_count_filter0	0.9711722964057565	-0.9854807438026156	5.0756847435687825e-139	0.9420754008587818	-0.9706056876295244	4.82768955277469e-112	0.9540202958438253	-0.9767396254088524	5.683481435925355e-121	0.430707864233251	-0.6562833719006227	8.005043862119895e-68
mean_max_count_prefix0	0.9885699826410228	0.9942685666564255	8.805655781777966e-175	0.7757959563972922	0.8807927999236211	1.0909831716525249e-59	0.8491606151249621	0.9214991129268449	5.000467627567521e-75	0.8812524628728537	0.9387504795593202	4.342191590000645e-251
mean_max_normcount_filter0	0.9759724564030954	-0.9879131826244123	4.61823702827759e-146	0.9410210521890956	-0.970062396028779	2.405493336286573e-111	0.9370544724836176	-0.9680157397912585	7.905873379292253e-109	0.7956489032534229	-0.8919915376579661	1.1944989545876676e-187
mean_max_normcount_prefix0	0.9916256306480724	0.9958040121670892	8.330360239117679e-187	0.889962784815651	0.9433783889912102	3.148907761290779e-87	0.9256093026402639	0.9620859122969548	2.279662785692901e-102	0.9542371905639571	0.9768506490574478	0.0
mean_min_prob_none	0.38342069230236164	0.6192097320798193	1.9476037659160837e-20	0.3959898510133428	0.6292772449511763	3.0662590218956223e-21	0.4687151855502421	0.684627771530079	3.105352153636992e-26	0.26949578285648745	0.5191298323699838	1.359663285959517e-38
mean_min_prob_filter0	0.3732112235967324	0.610910160004507	8.510749215809066e-20	0.3647928130932744	0.6039808052357909	2.821385662480257e-19	0.44494540479480243	0.6670422811147749	1.566333562545978e-24	0.25843851851473904	0.5083684869410564	7.897279306131136e-37
mean_min_prob_prefix0	0.056034836414706087	-0.23671678524073042	0.0013773361037760724	0.33868569730807224	0.581967092976976	1.0542290889014589e-17	0.4129227709237866	-0.6425906713638058	2.391639673518583e-22	0.0030089364682522914	0.0548537735096893	0.20312769541475928
mean_min_pplx_none	0.8493501206282376	-0.9216019317624272	4.470663299165838e-75	0.906358498697559	-0.9520286228352376	1.8109477142793136e-93	0.8885691415831624	-0.942639454713817	9.659614881226696e-87	0.7251326375984871	-0.8515472022139977	5.369924026313693e-153
mean_min_pplx_filter0	0.8572818712155349	-0.9258951729086479	3.612444999281377e-77	0.8972641341257062	-0.947240272647709	6.960649045389047e-90	0.8997188616871579	-0.9485351135762755	8.078149350463871e-91	0.7681010322082734	-0.8764137334662627	7.223985188020206e-173
mean_min_count_none	0.0048695910422611455	-0.06978245511775252	0.35193491406191746	0.16299824494003987	-0.4037304112152562	1.910104404179599e-08	0.1512857780949437	-0.3889547249937243	6.813470616699446e-08	0.016258521122213498	0.1275089060505716	0.002994542053747155
mean_min_count_filter0	0.9680227390537943	-0.9838814659570503	5.175709332201539e-135	0.9700576238546212	-0.9849150338250611	1.4863606226563427e-137	0.9723467197967114	-0.9860764269551886	1.2519678030138297e-140	0.856950567860146	-0.9257162458659489	2.4860292730913104e-229
mean_min_count_prefix0	0.9466967260328273	0.9729834150862117	2.9442499136375e-115	0.7521152717194676	0.8672457965994805	8.422013238719178e-56	0.008704957855044217	0.09330036363832789	0.21285460959522268	0.552050971562177	0.7430013267566734	7.001651401739205e-96
mean_min_normcount_filter0	0.9682075184078884	-0.9839753647362766	3.089803212523177e-135	0.9824033659094932	-0.9911626334308075	4.199201015035128e-158	0.9695599471995586	-0.9846623518747727	6.447595368081039e-137	0.8111995751567841	-0.9006661840864151	6.70493323067375e-197
mean_min_normcount_prefix0	0.9592877462012691	0.9794323591761042	1.1235211193696756e-125	0.8469805215587799	0.9203154467674548	1.795586820511966e-74	0.1352943406298202	0.3678237901901129	3.780088876167789e-07	0.6604083741464397	0.8126551385098354	2.8408858185299506e-128
mean_join_prob_none	0.7152631560204917	0.8457323193661761	1.9652519632615492e-50	0.5594881078719336	0.7479893768443062	1.631453830306587e-33	0.7954600199635475	0.8918856540855153	3.051078023020659e-63	0.6842432807594017	0.8271899907272825	8.794702843073281e-137
mean_join_prob_filter0	0.8690467804903016	0.9322267859755488	1.6965854248980513e-80	0.7303423873373356	0.8546007180767727	1.5339085392789871e-52	0.8306085194054623	0.91137726513528	1.5391481705497035e-70	0.7911781776257809	0.8894819715012671	4.0430589537566984e-185
mean_join_prob_prefix0	0.028793083952970696	0.1696852496623401	0.02277153683396008	0.15178964027322936	0.38960189973000564	6.452661387048718e-08	0.019213048202987217	0.13861114025570678	0.0634997907088087	0.1248072338603237	0.35328067292214516	2.562475453380815e-17
mean_join_pplx_none	0.8960860122681777	-0.9466181977271395	1.9215553970044273e-89	0.8559153644004912	-0.9251569404163227	8.442524136259868e-77	0.8847319818767146	-0.9406019252992812	1.9700895777935182e-85	0.6836589046748472	-0.8268366856126107	1.4468256509754223e-136
mean_join_count_none	0.934785500827646	-0.9668430590471475	1.8502333026924705e-107	0.7601479176076743	-0.8718646211469269	4.4656421214182226e-57	0.41213508969559964	-0.6419774837917601	2.697270516584011e-22	0.22310159282408376	-0.47233631326003694	2.3297907447985437e-31
mean_join_count_filter0	0.97171296120234	-0.9857550208861936	9.409513252232879e-140	0.9678123474707658	-0.9837745409750985	9.278812630398365e-135	0.9761639207973746	-0.9880100813237558	2.265681159649274e-146	0.6032359981936151	-0.7766826882283492	4.47460365893469e-110
mean_join_count_prefix0	0.994325568622502	0.9971587479546584	7.523692365721852e-202	0.7894889177352837	0.8885318889805158	3.96531663748562e-62	0.7929692751583901	0.8904882229195342	8.973495855964328e-63	0.8855461470030349	0.941034615199162	2.1588373320534338e-255
mean_join_normcount_filter0	0.9733037344357481	-0.9865615715381114	5.4453460622487145e-142	0.9701613992404039	-0.9849677148213559	1.0912048841098694e-137	0.9609647183528333	-0.9802880792669231	2.6568660417196884e-127	0.8065850795464967	-0.8981008181415362	4.4527903143636105e-194
mean_join_normcount_prefix0	0.994997463311275	0.9974955956350259	1.0118872427200291e-206	0.8940663559578687	0.9455508214569266	1.0670087370629951e-88	0.8989697698497566	0.948140163609662	1.5672788892420453e-90	0.9296775265938424	0.9641978669307677	2.632953071707e-312
median_sum_prob_none	0.5807592179469304	0.7620755985772871	1.9572699409967502e-35	0.4565616951169939	0.6756934919895218	2.3545933148274105e-25	0.5977355369524658	0.7731335828642201	4.872983815487867e-37	0.45846474723461333	0.6771002490286157	1.1228987489680096e-73
median_sum_prob_filter0	0.6314482642000634	0.7946371902950826	1.962985564560699e-40	0.4985522384748123	0.706082317067077	1.7577520759684318e-28	0.6126018481920887	0.7826888578433251	1.686706949184773e-38	0.47114247960635197	0.6863981931840671	1.8922518964898708e-76
median_sum_prob_prefix0	0.020652926887238986	0.1437112622143407	0.05427202467664129	0.06462452384690584	0.25421353985754935	0.000573981368753164	0.02242804511794301	0.1497599583264599	0.044795097446376594	0.11383998159718642	0.3374018103051411	7.636919991906093e-16
median_sum_pplx_none	0.8967565530532478	-0.9469723084933623	1.0796117368616488e-89	0.8747531470845998	-0.9352823889524489	3.206858013791273e-82	0.9059882394166138	-0.951834144910033	2.573495163875362e-93	0.7447200093585269	-0.86297161561579	1.2234547101219578e-161
median_sum_pplx_filter0	0.8429094476641249	-0.9181010007968213	1.8626748934212965e-73	0.8525186101689549	-0.923319343547483	6.729216231554449e-76	0.8642933579188121	-0.9296737911325736	4.0635890796439936e-79	0.5804546358214474	-0.761875735157281	1.5185002452497813e-103
median_sum_count_none	0.5448772851373187	-0.73815803534021	3.015890186103491e-32	0.5714395218046076	-0.7559361889766937	1.396118294343599e-34	0.42487988613950595	-0.6518281108846917	3.778253926052707e-23	0.2063202202803973	-0.4542248565197608	7.596708571503415e-29
median_sum_count_filter0	0.9586608397588164	-0.9791122712737372	4.3789550855462823e-125	0.947880220932295	-0.9735914034810984	3.9887717476204086e-116	0.9707147743722415	-0.9852485850648259	2.0616960613329985e-138	0.6378184038272976	-0.7986353384538513	9.654702060431558e-121
median_sum_count_prefix0	0.8896668762474697	0.9432215414458417	3.999760903239084e-87	0.7470894608470742	0.8643433697594227	5.042864601615491e-55	0.7009412162695211	0.8372223218891868	1.565272398879698e-48	0.8091451184520185	0.899524940428012	1.2340271430506556e-195
median_sum_normcount_filter0	0.9717631430479189	-0.9857804740650521	8.033879008846342e-140	0.9603623778016571	-0.9799808048128581	1.0384339122398977e-126	0.9599784069965089	-0.9797848779178565	2.4495587912086542e-126	0.8018502246836056	-0.8954609007006423	2.987969259249738e-191
median_sum_normcount_prefix0	0.9892013877276937	0.9945860383736008	5.60013859485236e-177	0.8496485297355779	0.9217638145075874	3.746778199461428e-75	0.8162477804830576	0.9034643216436704	2.1695438529947817e-67	0.8582372335798346	0.9264109420661193	2.185933854883985e-230
median_mean_prob_none	0.5807566425971865	0.762073908881013	1.9583445639503894e-35	0.4565616951169938	0.6756934919895217	2.354593314827454e-25	0.5977355369524658	0.7731335828642201	4.872983815487867e-37	0.45846187730298993	0.6770981297441235	1.1245041800971617e-73
median_mean_prob_filter0	0.6314474144947214	0.7946366556450322	1.9633896919976735e-40	0.4985522384748123	0.706082317067077	1.7577520759684318e-28	0.6126018481920887	0.7826888578433251	1.686706949184773e-38	0.4711416386950667	0.6863975806302545	1.8930631070624844e-76
median_mean_prob_prefix0	0.02023358218416867	0.14224479668574408	0.05680398036254412	0.06462452384690572	0.25421353985754913	0.0005739813687531772	0.022428045117943076	0.14975995832646014	0.044795097446375276	0.11371444448106438	0.33721572395287913	7.937784690297823e-16
median_mean_pplx_none	0.8964148987935082	-0.9467918983565017	1.4489267502369765e-89	0.8747531470845998	-0.9352823889524489	3.206858013791273e-82	0.9059882394166138	-0.951834144910033	2.573495163875362e-93	0.7445553626064414	-0.8628762151122497	1.4553237012395238e-161
median_mean_pplx_filter0	0.8424659325991047	-0.9178594296509159	2.3945460382830137e-73	0.8525186101689548	-0.9233193435474829	6.729216231555239e-76	0.864293357918812	-0.9296737911325735	4.063589079644512e-79	0.5805595582618784	-0.7619445900207432	1.4195668773390198e-103
median_mean_count_none	0.5407718296741222	-0.7353718988879859	6.731716813581221e-32	0.5714395218046076	-0.7559361889766937	1.396118294343599e-34	0.4248798861395063	-0.651828110884692	3.7782539260525755e-23	0.20599878469945465	-0.4538708899009218	8.477388651465098e-29
median_mean_count_filter0	0.9587447455101261	-0.9791551182065721	3.654432233673447e-125	0.947880220932295	-0.9735914034810984	3.9887717476204086e-116	0.9707147743722417	-0.985248585064826	2.061696061331629e-138	0.6368354118237655	-0.798019681351134	2.003161841183899e-120
median_mean_count_prefix0	0.8922603191616895	0.9445953203153663	4.8086081696457474e-88	0.7470894608470745	0.8643433697594229	5.042864601614898e-55	0.7009412162695209	0.8372223218891867	1.5652723988797754e-48	0.8110435145964052	0.9005795437363683	8.374573981526408e-197
median_mean_normcount_filter0	0.9716119785345199	-0.9857037985797356	1.2921987701375393e-139	0.9603623778016567	-0.9799808048128579	1.0384339122409334e-126	0.9599784069965092	-0.9797848779178566	2.449558791207444e-126	0.8013580686883783	-0.895186052554651	5.825250214009991e-191
median_mean_normcount_prefix0	0.9892690053584487	0.9946200306440891	3.2018042193516117e-177	0.8496485297355779	0.9217638145075874	3.746778199461428e-75	0.8162477804830571	0.9034643216436702	2.1695438529952202e-67	0.8586087802235137	0.9266114505139216	1.0788318960874157e-230
median_median_prob_none	0.5262459618343168	0.7254281231344128	1.0904107274122178e-30	0.27853139756962275	0.5277607389429634	2.6853013006880695e-14	0.3994135413776628	0.6319917257193031	1.8410914196941542e-21	0.36489417478731273	0.6040647107614487	5.2417312462567995e-55
median_median_prob_filter0	0.6019944288505258	0.7758829994596645	1.8831172087635547e-37	0.3114095042167669	0.558040772898152	4.006850031889432e-16	0.41370792034383236	0.6432013062361055	2.121125531506608e-22	0.4263355507937737	0.6529437577569555	6.300584157103005e-67
median_median_prob_prefix0	0.3700729364853865	-0.6083362034971999	1.3328922241362384e-19	0.10932499844817639	0.33064331000063557	5.80688429846174e-06	0.002314307656122866	-0.04810725159602101	0.5213268493733845	0.014334339109654454	0.11972610036936163	0.005340195292987892
median_median_pplx_none	0.8874144080463328	-0.942026755483268	2.4194791120604043e-86	0.8844648266743406	-0.9404599016833948	2.4212007877623988e-85	0.9141084470528089	-0.956090187719134	8.26010023625357e-97	0.7386905459943375	-0.8594710850251668	6.554804734388043e-159
median_median_pplx_filter0	0.8682562601854502	-0.9318026938067148	2.9000113566293278e-80	0.8847692056255043	-0.9406217122868812	1.9142246089374588e-85	0.8997538983414953	-0.9485535822195261	7.830629788542175e-91	0.7422762718869654	-0.8615545669816657	1.5897194251468225e-160
median_median_pplx_prefix0	0.14732373522924994	-0.38382774160976163	1.0441839090344394e-07	0.36830775700232915	-0.6068836437096728	1.7138113170515667e-19	0.26208728870370585	-0.5119446148790959	2.054908567655684e-13	0.24256446380109153	-0.49250833881376216	2.429094403334885e-34
median_median_count_filter0	0.7219037854438878	-0.8496492131720524	2.395067308615437e-51	0.8687535013421329	-0.9320694723796789	2.0706929406856785e-80	0.7983673587234248	-0.8935140506580883	8.517774545530127e-64	0.5752016827872267	-0.7584205184376454	4.3352582926625674e-102
median_median_normcount_filter0	0.924305680455454	-0.9614081757793898	1.0706503519476283e-101	0.9329624188569786	-0.9658997975240385	2.1545010022292064e-106	0.9437731017893305	-0.9714798514582433	3.4164092967107635e-113	0.768166446274734	-0.8764510518418778	6.695757788783594e-173
median_median_normcount_prefix0	0.7727391670657512	0.8790558384231068	3.648259853764224e-59	0.7249388442895752	0.8514334056692721	9.00042691703555e-52	0.5735767526116896	0.7573485014256578	8.930714751167837e-35	0.421175888093167	0.6489806530961975	7.047842488899226e-66
median_geomean_prob_none	0.511488253347986	0.715184069556912	1.6955215519509343e-29	0.29454815481152913	0.5427229079479962	3.544362578066088e-15	0.40564976727561336	0.6369064038582226	7.216965485017362e-22	0.35635001397845334	0.5969505959277144	1.9308766193300687e-53
median_geomean_prob_filter0	0.5944131863325691	0.7709819623911892	1.0160271271045641e-36	0.28089195383162374	0.5299924092207583	1.9978182660732267e-14	0.4814154627274801	0.6938410932825182	3.558274800876767e-27	0.4178731856942654	0.6464311144230802	3.269242996157117e-65
median_geomean_pplx_none	0.8890729373957622	-0.9429066429905785	6.451928236149135e-87	0.8994522091246028	-0.9483945429643734	1.0233335298073163e-90	0.9130878450043596	-0.9555563013262796	2.3648336741446646e-96	0.7420275716402095	-0.8614102226234661	2.060978363174331e-160
median_geomean_pplx_filter0	0.8641911703086269	-0.9296188306551384	4.34539676541523e-79	0.8990343522951771	-0.9481742204337645	1.4805224034695174e-90	0.8997197591277163	-0.9485355866427555	8.071713799624365e-91	0.7370481308299308	-0.858515073152435	3.5401958850462603e-158
median_geomean_count_none	0.8181498818242603	-0.9045163800751539	8.583774586257235e-68	0.4701649346767061	-0.6856857404647599	2.4313017192698026e-26	0.31851620913758477	-0.5643724028844649	1.5742644872397065e-16	0.20212593833893855	-0.4495841838176011	3.167790427388947e-28
median_geomean_count_filter0	0.9687069346651261	-0.9842291067963425	7.547923655662708e-136	0.9562490367281479	-0.9778798682497497	6.817456877025935e-123	0.9813119952190114	-0.9906119296773138	8.897581227333738e-156	0.6982673871001137	-0.8356239507697908	4.289193297778834e-142
median_geomean_normcount_filter0	0.973891132142711	-0.9868592261020368	7.515118123773081e-143	0.9636670292693373	-0.9816654365257734	4.47555170419226e-130	0.964031036790614	-0.9818508220654572	1.826288830992934e-130	0.8055411920662635	-0.8975194661210772	1.89556573775882e-193
median_max_prob_none	0.5810191030166028	0.7622460908503256	1.8517726971557383e-35	0.4614977546515811	0.6793362603685903	1.039807136889143e-25	0.5878466631758466	0.766711590610085	4.2662607851481933e-36	0.45880870660285206	0.6773541958258265	9.461352752949965e-74
median_max_prob_filter0	0.6262068608197686	0.7913323327273875	6.9266074689689294e-40	0.49615820140283806	0.704384980960581	2.692007974440664e-28	0.6034684642657075	0.7768323269957987	1.3518845519429863e-37	0.46750853827641575	0.6837459603364511	1.198515050221383e-75
median_max_prob_prefix0	0.3361605155586651	0.5797935111388063	1.4853160855559383e-17	0.10544730074245412	0.32472650144768617	8.690163514368115e-06	0.16391390988148855	0.4048628284758784	1.7282465004487814e-08	0.19791853457196593	0.44488035984067215	1.3172695967119311e-27
median_max_pplx_none	0.8946552187965109	-0.9458621563401883	6.494831287234598e-89	0.8218225212791754	-0.9065442743072042	1.3935082463442666e-68	0.8835592127404308	-0.9399783043987935	4.853351180728174e-85	0.6971491224898225	-0.8349545631289301	1.1611613593097268e-141
median_max_pplx_filter0	0.8202541427920471	-0.9056788298243739	3.0427054617007667e-68	0.8394649729597359	-0.9162232113190191	1.2863859953366357e-72	0.8316387145564827	-0.9119422758905756	8.937671342890027e-71	0.43366214148615434	-0.6585302889663879	1.9681680021572636e-68
median_max_count_none	0.6637702311887618	-0.8147209529579816	5.426450383872425e-44	0.7240884017816533	-0.850933841013303	1.1853206436001928e-51	0.7056670067583586	-0.840039884028347	3.7799479146399846e-49	0.2769982108082037	-0.5263061949171829	8.3468995942505e-40
median_max_count_filter0	0.867020621188151	-0.9311394209183451	6.660990220069161e-80	0.8444005920099931	-0.9189127227381244	7.963592640375489e-74	0.8740191238032063	-0.9348898992946744	5.396648445365458e-82	0.4913338139252848	-0.7009520767679377	5.2513594968671175e-81
median_max_count_prefix0	0.6057765021769779	0.7783164537493589	8.025842324114057e-38	0.5315968861988061	0.7291069099924963	3.948097607491528e-31	0.614757575225311	0.784064777442088	1.0247184334217527e-38	0.5761888631313633	0.7590710527555133	2.3165478136558827e-102
median_max_normcount_filter0	0.9545003682553137	-0.9769853470013323	2.232639380679858e-121	0.91542396000404	-0.9567779052653965	2.089778214028425e-97	0.9293706255743325	-0.964038705433725	2.2466709375448243e-104	0.8004197516974159	-0.8946618085608751	2.0706713545514015e-190
median_max_normcount_prefix0	0.9014526833541068	0.9494486207026196	1.709120798247035e-91	0.7961406515256279	0.8922671413459244	2.2669178624442873e-63	0.8514264553509996	0.9227277254699783	1.2984303472619747e-75	0.8572544580081305	0.9258803691666275	1.4027666251284397e-229
median_min_prob_none	0.44432853213121676	0.6665797267628357	1.730260126474465e-24	0.17167517513067987	0.41433703084648354	7.37344945420202e-09	0.2598938006798279	0.5097978037220521	2.6870190282180356e-13	0.2865917620782458	0.5353426585638826	2.2578235206478054e-41
median_min_prob_filter0	0.5282763189703302	0.7268261958476251	7.426158991803675e-31	0.20870564371749248	0.45684312812768946	1.1474305005632806e-10	0.28620868238689673	0.5349847496769387	1.022814265744888e-14	0.3468559289906851	0.5889447588617163	1.0050531821620762e-51
median_min_pplx_none	0.8598875844620807	-0.9273012371727327	6.997230942633696e-78	0.9189231227725573	-0.9586047792351952	4.854025388254922e-99	0.9196400418458854	-0.9589786451459101	2.2010710202893624e-99	0.7086947436570974	-0.8418400938759673	3.3150183771969933e-146
median_min_pplx_filter0	0.8704842241213666	-0.932997440576	6.347448181827312e-81	0.9148401041676	-0.9564727409433057	3.856106401369798e-97	0.9327828731305332	-0.9658068508405463	2.7338282858863487e-106	0.8120174024019672	-0.9011200821211162	2.0846126648877145e-197
median_min_pplx_prefix0	0.39119062180495645	-0.6254523337593013	6.23859189004885e-21	0.2352022859473922	-0.4849765828855989	5.230246290669585e-12	0.2543319144557407	-0.5043133098141875	5.286453677746325e-13	0.24897212037454383	-0.4989710616604372	2.439823920712265e-35
median_min_count_filter0	0.754004810361827	-0.8683345037264308	4.257141401087015e-56	0.7562379334937059	-0.8696194187653045	1.8879979107495405e-56	0.8195006906856682	-0.9052627743841388	4.417118639470858e-68	0.7474778949971715	-0.8645680395418116	6.573785106003592e-163
median_min_normcount_filter0	0.9428287091104721	-0.9709936709940349	1.5052179035147397e-112	0.9529732944967347	-0.9762035107992261	4.218190031943316e-120	0.9550498148938639	-0.9772665014692071	7.569997283833173e-122	0.7977916353676686	-0.8931918245078537	7.001017989778885e-189
median_join_prob_none	0.5379744707834261	0.7334674299404345	1.1586775679437303e-31	0.32689596410872446	0.5717481649369104	5.1688703685216e-17	0.49431559529525887	0.7030758104893517	3.732194418112288e-28	0.3592601315320579	0.5993831258319322	5.683422895332482e-54
median_join_prob_filter0	0.5890723592673238	0.7675104945649432	3.269527937289179e-36	0.42913142409943833	0.6550812347330965	1.942620916544186e-23	0.4419315619201144	0.664779333252858	2.5446665768468147e-24	0.4051721289714855	0.6365313259938473	1.103104752747481e-62
median_join_prob_prefix0	0.34427718876907476	-0.5867513858262925	4.912367249122225e-18	0.35430106414571955	0.5952319414696422	1.2297528882324263e-18	0.07017004549918543	0.26489629196949027	0.0003261287802898625	0.058897284897597685	0.24268762823349213	1.1159401523358315e-08
median_join_pplx_none	0.8831814487807413	-0.9397773400017375	6.476318234575206e-85	0.8880725417092813	-0.9423760086660108	1.4353354876333557e-86	0.8960607804867451	-0.9466048703058447	1.9635551798275254e-89	0.7428559683957187	-0.861890926043266	8.671246697915955e-161
median_join_pplx_filter0	0.8800703797597341	-0.9381206637526615	6.729580957369672e-84	0.9096688690560656	-0.953765625851585	7.34466528202098e-95	0.9065378898294288	-0.9521228333725795	1.5266712889511064e-93	0.7494679854660762	-0.8657181905597665	7.814679454120112e-164
median_join_count_filter0	0.72771265487417	-0.8530607568480513	3.6449003489804305e-52	0.8744686815600375	-0.9351303019152131	3.9249878935416626e-82	0.7974400794911078	-0.892995005300202	1.2821044691971903e-63	0.5788071758522566	-0.7607937801088128	4.3639126660036626e-103
median_join_normcount_filter0	0.9239753273578102	-0.9612363535352844	1.5777832657461815e-101	0.9418921648881061	-0.9705112904485481	6.395267035901779e-112	0.9427335489657158	-0.9709446683337397	1.7454329118064819e-112	0.7773284830669049	-0.8816623407330637	1.29601599974288e-177
median_join_normcount_prefix0	0.7881547395707746	0.8877807947746869	6.96365338131971e-62	0.5794728818199956	0.7612311618818528	2.5735719041564637e-35	0.4048839065212111	0.6363048848792622	8.100803647766151e-22	0.38504733356937915	0.6205218236044395	8.724273041649576e-59
geomean_sum_prob_none	0.590512108581395	0.7684478567745472	2.3894773208633466e-36	0.45572060482554816	0.6750708146746889	2.704477720523508e-25	0.602135239665577	0.7759737364534814	1.8245268579431556e-37	0.42887692070062955	0.6548869526113874	1.9028668799378513e-67
geomean_sum_prob_filter0	0.6582300749522901	0.8113137956131956	2.333454377622904e-43	0.5268854424647027	0.7258687501640381	9.663250422135051e-31	0.5943911909054038	0.7709676977055548	1.020961315976427e-36	0.4718161286606466	0.6868887309169125	1.3420429619296937e-76
geomean_sum_pplx_none	0.8965652788778387	-0.9468713106213741	1.2730814379073485e-89	0.880954616020767	-0.9385918260994855	3.4812542943657717e-84	0.8982900989758956	-0.9477816726313585	2.8475191286593733e-90	0.7328628902771115	-0.8560741149439758	2.4834134194142015e-156
geomean_sum_count_none	0.9288090818273722	-0.9637474159899845	4.54737762304721e-104	0.7011409817103432	-0.8373416158954141	1.4746924942062353e-48	0.4027556153440589	-0.6346302981611096	1.115902168273991e-21	0.21834447738173224	-0.46727345032831924	1.2164259316073943e-30
geomean_sum_count_filter0	0.9725257472666655	-0.9861672004618007	7.022722840389528e-141	0.9678786805032032	-0.9838082539312237	7.722184399551658e-135	0.9773944536529175	-0.988632618141298	2.0237882803822568e-148	0.6332980228611229	-0.7958002405510587	2.724854146396482e-119
geomean_sum_normcount_none	0.03379165663514284	-0.18382507074700893	0.01350460570985856	3.198899935794732e-07	0.0005655881837339543	0.9939877593704542	5.827810795706493e-07	0.0007634009952643822	0.9918850583893167	0.037008784838337555	0.1923766743613621	6.725645734680841e-06
geomean_sum_normcount_filter0	0.9743106924676643	-0.987071776755705	1.7769335070233294e-143	0.9717472242397478	-0.9857723998163814	8.447208805554462e-140	0.9628048980264927	-0.9812262216362202	3.609855961542207e-129	0.8109705516440626	-0.9005390339369319	9.291459026954394e-197
geomean_mean_prob_none	0.5904827652854276	0.7684287639628202	2.4048232663442292e-36	0.4557206048255487	0.6750708146746893	2.7044777205232118e-25	0.6021352396655769	0.7759737364534813	1.8245268579432238e-37	0.4288736066448564	0.6548844223562326	1.9058467262283644e-67
geomean_mean_prob_filter0	0.6582031543133607	0.8112972046749334	2.349916857726555e-43	0.5268854424647027	0.7258687501640381	9.663250422135051e-31	0.5943911909054036	0.7709676977055547	1.0209613159764765e-36	0.47181691136912557	0.6868893006657809	1.3415069889216717e-76
geomean_mean_pplx_none	0.8964422474800622	-0.9468063410645612	1.4152511896853734e-89	0.8809546160207667	-0.9385918260994854	3.4812542943662774e-84	0.8982900989758956	-0.9477816726313585	2.8475191286593733e-90	0.7327255230622821	-0.8559938802715135	2.8519895725025893e-156
geomean_mean_count_none	0.9276200046524786	-0.9631303155090066	1.9874582422303127e-103	0.7011409817103434	-0.8373416158954142	1.4746924942061375e-48	0.40275561534405974	-0.6346302981611103	1.1159021682738609e-21	0.2182200403953112	-0.4671402791403362	1.2700012110178913e-30
geomean_mean_count_filter0	0.9724088080480522	-0.9861079089268335	1.0249398904606865e-140	0.9678786805032036	-0.983808253931224	7.722184399542302e-135	0.9773944536529178	-0.9886326181412981	2.023788280380487e-148	0.6327792271494973	-0.7954742152637616	3.9873389523317983e-119
geomean_mean_normcount_filter0	0.9741916643669108	-0.9870114813754249	2.6814754310971274e-143	0.9717472242397478	-0.9857723998163814	8.447208805554462e-140	0.9628048980264934	-0.9812262216362205	3.609855961536572e-129	0.8100730965784494	-0.9000406082941199	3.3240060017930206e-196
geomean_median_prob_none	0.5455429316473347	0.7386087811875341	2.645958007993894e-32	0.3235616224210587	0.568824773037408	8.06395010543764e-17	0.43030866073625534	0.6559791618155681	1.6144244254601846e-23	0.3636414813755794	0.6030269325457855	8.921032084007146e-55
geomean_median_prob_filter0	0.5915359870463222	0.7691137672973499	1.9105884137019955e-36	0.35664323256713	0.5971961424583467	8.870951358001881e-19	0.4217232416184052	0.6494022186737625	6.172180156422386e-23	0.40264178797651823	0.6345406117629653	3.466363439594611e-62
geomean_median_pplx_none	0.887216275604511	-0.9419215867600185	2.8296427990702855e-86	0.885276076938883	-0.9408911079072237	1.2926283882911294e-85	0.896804149821969	-0.9469974391844832	1.0361744066004479e-89	0.7401037018215235	-0.8602928000521238	1.5228041881854161e-159
geomean_median_pplx_filter0	0.8721006461584726	-0.9338632909363515	2.0737998710951821e-81	0.8883183629853105	-0.942506425964996	1.1800776814005233e-86	0.9040134620781577	-0.9507962253175797	1.638686979599082e-92	0.7161384185217751	-0.8462496195105644	3.1204028777136187e-149
geomean_median_count_none	0.8960623392488946	-0.9466056936491004	1.9609344261205112e-89	0.4411662099837276	-0.6642034402076878	2.8772036887214715e-24	0.3142959952163949	-0.5606210798894338	2.7447368353341595e-16	0.20192747948373557	-0.4493634158270292	3.3886041205338944e-28
geomean_median_count_filter0	0.9741903223006623	-0.9870108015116462	2.6939158751391423e-143	0.9594062046091975	-0.9794928303000474	8.668149745375397e-126	0.9729310008640415	-0.9863726480717323	1.870844184937702e-141	0.6805597794670304	-0.8249604714572877	1.9968198560930187e-135
geomean_median_normcount_filter0	0.974672534322411	-0.9872550502896458	5.026810574481272e-144	0.9677412594126231	-0.9837384100525013	1.129222185519291e-134	0.9619461321674727	-0.9807885257115688	2.7538673362554557e-128	0.8050937205113194	-0.8972701491252896	3.518666176929931e-193
geomean_geomean_prob_none	0.5309985342307484	0.7286964623426879	4.425592293182622e-31	0.30408486561068476	0.5514389046945135	1.0393778736787467e-15	0.4418486421426043	0.6647169639347293	2.5787740836814392e-24	0.35180039394979656	0.5931276371488657	1.2923693999546285e-52
geomean_geomean_prob_filter0	0.0035016483813280633	0.059174727556010456	0.43006929335079	0.13248758222721913	0.36398843694164124	5.093176246897198e-07	0.19789918138750548	0.4448586083099949	3.935396269889903e-10	0.05847125979747263	0.2418083120934279	1.2647459943950511e-08
geomean_geomean_pplx_none	0.8853339290867944	-0.9409218506798502	1.2358435786304808e-85	0.8912670027596904	-0.9440693845050216	1.088888291903306e-87	0.8977602265135799	-0.947502098421729	4.523085250032849e-90	0.7393663463970351	-0.8598641441512928	3.264649767779966e-159
geomean_geomean_count_none	0.911232451013817	-0.9545849627004487	1.5513047458668725e-95	0.6095411011563965	-0.7807311324370231	3.406358319645152e-38	0.3561627308894629	-0.5967937088219537	9.486620310900663e-19	0.2045380445400438	-0.4522588247232372	1.3947895968620673e-28
geomean_geomean_count_filter0	0.5238299244879026	-0.7237609581124852	1.71864120604065e-30	0.505950135642318	-0.711301719133532	4.648799239768683e-29	0.478472618702981	-0.6917171522399752	5.90558737218083e-27	0.5253174741757138	-0.7247878821943106	4.245074007575707e-89
geomean_geomean_normcount_filter0	0.520416215326804	-0.7213987907716536	3.2560294903581465e-30	0.47790961385293007	-0.6913100707012231	6.504542154292709e-27	0.4666982757369517	-0.6831531861427214	4.359962553578585e-26	0.5162525805896474	-0.7185071889617023	6.943612728032486e-87
geomean_max_prob_none	0.5919133087404767	0.7693590246045579	1.759176664621782e-36	0.4582796129904183	0.6769635241210699	1.773121999741003e-25	0.6048598263813654	0.7777273470705305	9.876111765947993e-38	0.43050750659426396	0.6561307084676528	8.801816794904809e-68
geomean_max_prob_filter0	0.6598009320028676	0.8122813133409309	1.546770608483192e-43	0.528078842033042	0.7266903343467849	7.709412619332861e-31	0.5973305933285349	0.7728716538523941	5.3312556624354775e-37	0.47323701005264945	0.6879222412835985	6.492626893730998e-77
geomean_max_pplx_none	0.8983818867622065	-0.9478300938260014	2.627528414129859e-90	0.8694080196788097	-0.9324205165475552	1.3265260671920003e-80	0.8897823233858976	-0.9432827377758471	3.643688707721707e-87	0.7052086689166577	-0.8397670325254842	8.152845709489122e-145
geomean_max_count_none	0.9495133038960926	-0.9744297326621826	2.344174921912289e-117	0.8505426979939152	-0.9222487180765909	2.2022893653177576e-75	0.6557375360599378	-0.8097762259167268	4.46352783019483e-43	0.23528725185894747	-0.48506417292864196	3.228664124424885e-33
geomean_max_count_filter0	0.9684350123710721	-0.9840909573667833	1.630447202699192e-135	0.9494702772469593	-0.974407654550681	2.5288703748645727e-117	0.9617868572330879	-0.9807073249614728	3.9941119429289785e-128	0.46476263750391494	-0.6817350200069782	4.795100104457742e-75
geomean_max_normcount_filter0	0.9757530707504919	-0.9878021414992437	1.037147503766433e-145	0.9448491471507581	-0.9720335113311465	6.1157096000455694e-114	0.9403543528152514	-0.9697186977754174	6.543809416861485e-111	0.8006403124783094	-0.8947850649615858	1.537708323118921e-190
geomean_min_prob_none	0.4142060747493862	0.6435884358418711	1.9654240065879403e-22	0.14846011104041104	0.3853052180290465	9.239975047868725e-08	0.2808058508949456	0.5299111726458932	2.0195186163243935e-14	0.2675370783524331	0.5172398653936422	2.8042637881238775e-38
geomean_min_prob_filter0	0.003664880793901825	0.06053825892691187	0.4195003882793922	0.07616362546753212	0.27597758145822665	0.00017688895136048146	0.16060457919867738	0.4007550114454932	2.4800208764516874e-08	0.0479905320557519	0.21906741440878855	2.72624123048602e-07
geomean_min_pplx_none	0.8615426458777705	-0.9281932158111104	2.427846993027086e-78	0.9176661594297518	-0.9579489336231612	1.9100152270503373e-98	0.905180566811347	-0.9514097785977118	5.512704247981639e-93	0.7136100201358314	-0.8447544140966837	3.395844253788312e-148
geomean_min_pplx_filter0	0.8762221241963885	-0.936067371611888	1.1212490092448881e-82	0.9133483928631881	-0.9556926246776147	1.8100585339813708e-96	0.929647584306969	-0.9641823397609858	1.5834735381964673e-104	0.8060933117798208	-0.8978269943479205	8.819042744180872e-194
geomean_min_count_none	0.002241172376868744	0.047341022135868	0.5279911361477493	0.11818602475083186	-0.3437819436079095	2.301110952724183e-06	0.15732677534140385	-0.39664439406274715	3.542411848830703e-08	0.028060683507778898	0.16751323382879008	9.179831250875846e-05
geomean_min_count_filter0	0.5436258389872399	-0.7373098663297812	3.855143804659058e-32	0.5419598451402823	-0.7361792208017571	5.339944010445279e-32	0.5380546325272837	-0.7335220736469242	1.140838402189491e-31	0.5610773259572324	-0.7490509501744407	2.907938797565757e-98
geomean_min_normcount_filter0	0.5435051091306543	-0.7372279899262197	3.947404262874626e-32	0.5505794894991447	-0.7420104375944753	9.769431656999973e-33	0.5444471185974075	-0.7378665994591485	3.2817017202734763e-32	0.557169202447493	-0.7464376748580507	3.1673021100928804e-97
geomean_join_prob_none	0.5310317184042885	0.7287192315317941	4.397675476757653e-31	0.3040848656106849	0.5514389046945136	1.0393778736787317e-15	0.4418486421426047	0.6647169639347297	2.5787740836812556e-24	0.35185548621070495	0.5931740774938711	1.2630580131758201e-52
geomean_join_prob_filter0	0.0035002431551743925	0.059162852831607035	0.4301620040884945	0.1324875822272193	0.36398843694164146	5.093176246897076e-07	0.19789918138750512	0.4448586083099945	3.935396269890102e-10	0.05846517043768207	0.24179572047015652	1.26701057282798e-08
geomean_join_pplx_none	0.8853730616036636	-0.9409426452253419	1.1988388072152398e-85	0.8912670027596911	-0.944069384505022	1.0888882919027491e-87	0.8977602265135799	-0.947502098421729	4.523085250032849e-90	0.7394166327176677	-0.8598933845062815	3.0994142211669986e-159
geomean_join_count_none	0.9114051159122815	-0.9546753981915955	1.3043660443098913e-95	0.6095411011563961	-0.7807311324370229	3.406358319645412e-38	0.35616273088946393	-0.5967937088219546	9.486620310899191e-19	0.20447411998141815	-0.452188146661783	1.4254870185771222e-28
geomean_join_count_filter0	0.5238186708656472	-0.7237531836652928	1.7222780613856223e-30	0.5059501356423179	-0.7113017191335319	4.6487992397689165e-29	0.478472618702981	-0.6917171522399752	5.90558737218083e-27	0.5253128687014981	-0.7247847050686832	4.2561861571980494e-89
geomean_join_normcount_filter0	0.5204114930175859	-0.721395517741541	3.258898641663996e-30	0.4779096138529302	-0.6913100707012232	6.504542154292584e-27	0.4666982757369517	-0.6831531861427214	4.359962553578585e-26	0.5162518722151914	-0.7185066960127731	6.946353151983401e-87
max_sum_prob_none	0.5160941804019864	0.7183969518323323	7.265022005360669e-30	0.3675161606524463	0.6062311115840611	1.9178864272361438e-19	0.535983014340205	0.7321086082953847	1.702139739652032e-31	0.47917357231483554	0.6922236432792769	3.059506383495799e-78
max_sum_prob_filter0	0.6891797394536432	0.8301685006392637	4.888795143858293e-47	0.473517325899102	0.6881259520604509	1.3771863064517352e-26	0.5685439634748125	0.7540185431902935	2.5484649987379213e-34	0.5991367341911439	0.7740392329792747	7.129215112272066e-109
max_sum_prob_prefix0	0.00040676952149464333	-0.02016852799523662	0.7881363768543526	0.005586403508033808	0.07474224714332456	0.3186761777878784	0.011842872745225086	-0.10882496379611199	0.14589341491309915	0.012110001952564165	0.11004545402952438	0.01049508551230281
max_sum_pplx_none	0.22852546735696425	-0.47804337392852153	1.1494131282695809e-11	0.056702818175519455	-0.23812353553464524	0.0012866709354960452	0.3130854621588549	-0.5595404026152668	3.217263220938131e-16	0.07951092732799059	-0.2819768205508931	2.5020026777628836e-11
max_sum_count_none	0.11826686900787599	-0.3438995042274356	2.2816920224979624e-06	0.4969558379622432	-0.7049509472028839	2.3361244520665344e-28	0.028063875939995354	-0.16752276245333156	0.02458865264797583	0.16936337631726994	-0.4115378188177484	1.7364319063595175e-23
max_sum_count_filter0	0.24504441237664687	-0.49501960807289935	1.6194214999685498e-12	0.5455732549155886	-0.7386293081888835	2.630219516968128e-32	0.24985190385225256	-0.49985188191328495	9.086473791982327e-13	0.26443336811302814	-0.514230850993042	8.796362708423331e-38
max_sum_count_prefix0	0.6615674387725996	0.8133679602569797	9.719139726734054e-44	0.6164464178762358	0.7851410178281579	6.921522732453609e-39	0.5740469249321011	0.7576588446867766	8.092270796306048e-35	0.6293978621838905	0.7933459914714956	4.705900502335292e-118
max_sum_normcount_filter0	0.7408614224421416	-0.860733072701486	4.413325553189905e-54	0.6009405494605896	-0.7752035535655069	2.3848600111705355e-37	0.5949109082678634	-0.7713046792726357	9.104689177183427e-37	0.6180610313039551	-0.7861685768993537	1.5729469202106036e-114
max_sum_normcount_prefix0	0.6209919973724876	0.7880304545970844	2.386835448970259e-39	0.7255213412396821	0.8517754053972691	7.449905715071441e-52	0.6797511638189585	0.8244702322212479	7.034099580168197e-46	0.6692702233894345	0.8180893737174653	2.2986183422784794e-131
max_mean_prob_none	0.516094180401986	0.718396951832332	7.265022005361266e-30	0.3675161606524462	0.606231111584061	1.9178864272361744e-19	0.535983014340205	0.7321086082953847	1.702139739652032e-31	0.47917357231483554	0.6922236432792769	3.059506383495799e-78
max_mean_prob_filter0	0.6891797394536432	0.8301685006392637	4.888795143858293e-47	0.47351732589910167	0.6881259520604507	1.3771863064518133e-26	0.5685439634748126	0.7540185431902936	2.548464998737863e-34	0.5991367341911439	0.7740392329792747	7.129215112272066e-109
max_mean_prob_prefix0	0.0004067695214946062	-0.0201685279952357	0.7881363768543526	0.0055864035080338	0.0747422471433245	0.3186761777878784	0.011842872745225125	-0.10882496379611217	0.14589341491309915	0.01211000195256421	0.11004545402952459	0.01049508551230281
max_mean_pplx_none	0.2285254673569644	-0.4780433739285217	1.1494131282695657e-11	0.056702818175519414	-0.23812353553464516	0.0012866709354960452	0.31308546215885513	-0.559540402615267	3.217263220938084e-16	0.07951092732799062	-0.2819768205508932	2.5020026777628836e-11
max_mean_count_none	0.11826686900787599	-0.3438995042274356	2.2816920224979624e-06	0.49695583796224346	-0.7049509472028841	2.3361244520663963e-28	0.028063875939995382	-0.16752276245333164	0.02458865264797583	0.16936337631726997	-0.4115378188177485	1.7364319063595175e-23
max_mean_count_filter0	0.24504441237664673	-0.4950196080728992	1.6194214999685716e-12	0.5455732549155888	-0.7386293081888836	2.630219516968041e-32	0.2498519038522525	-0.4998518819132849	9.086473791982327e-13	0.26443336811302814	-0.514230850993042	8.796362708423331e-38
max_mean_count_prefix0	0.6615674387725998	0.8133679602569798	9.719139726733485e-44	0.6164464178762357	0.7851410178281578	6.921522732453878e-39	0.5740469249321012	0.7576588446867767	8.09227079630586e-35	0.6293978621838903	0.7933459914714955	4.705900502336095e-118
max_mean_normcount_filter0	0.7562167383886752	-0.8696072322541224	1.902690585139054e-56	0.6009405494605898	-0.775203553565507	2.3848600111704474e-37	0.5949109082678634	-0.7713046792726357	9.104689177183427e-37	0.6249047220720984	-0.7905091536927946	1.2079483015165205e-116
max_mean_normcount_prefix0	0.6209919973724877	0.7880304545970845	2.3868354489701965e-39	0.7255213412396821	0.8517754053972691	7.449905715071441e-52	0.6797511638189582	0.8244702322212477	7.03409958016896e-46	0.6692702233894345	0.8180893737174653	2.2986183422784794e-131
max_median_prob_none	0.5316471669149642	0.7291413902083492	3.9103751089808976e-31	0.14957558313541594	0.38675002667797703	8.193801233385398e-08	0.49520143328377675	0.7037055018143433	3.190179911016827e-28	0.488631317499527	0.6990216860008901	2.1902769693533207e-80
max_median_prob_filter0	0.5122996805001546	0.7157511302821356	1.4612043810241172e-29	0.3454017579426771	0.5877089057881266	4.209772983217494e-18	0.5632780103963493	0.7505184943732894	7.536294275309872e-34	0.365593552012177	0.6046433262777131	3.89353900701982e-55
max_median_prob_prefix0	0.00013941177783028275	0.011807276478099543	0.8749980884835061	0.0005418776258925217	-0.023278265096276434	0.7564263961904139	0.0016859010307689083	0.041059725166748356	0.5841952458970849	0.009322174536204136	0.09655140877379333	0.024851906819710563
max_median_pplx_none	0.4759737257075853	-0.6899084908214895	9.060117147940926e-27	0.5411387119824506	-0.7356213101742299	6.267430364758822e-32	0.4042210736222727	-0.6357838261722869	8.95160439443934e-22	0.2945534638325177	-0.5427277990231546	1.0881883026298655e-42
max_median_pplx_filter0	0.15071684773057797	-0.3882226780220058	7.244952853672739e-08	0.40084935156533935	-0.6331266473347488	1.4852557664046228e-21	0.0803467199588644	-0.28345496989621544	0.00011533341538295788	0.036823849298616	-0.19189541239596114	7.098485311720805e-06
max_median_count_none	0.2625715179534131	-0.5124173279207224	1.936578004731243e-13	0.4379725947530086	-0.6617949793954383	4.7947947200996536e-24	0.0013893860581898835	0.03727446925430171	0.6193454796087388	0.16371457609105666	-0.40461657911046683	1.093089058100248e-22
max_median_count_filter0	0.5832927266407254	-0.7637360320429601	1.1387696910278096e-35	0.2893049325313188	-0.5378707396125195	6.910611586094098e-15	0.3367444337988823	-0.5802968497233828	1.3722716962719758e-17	0.3012623207668965	-0.5488736837988286	8.232633153839621e-44
max_median_count_prefix0	0.5573621156035191	0.7465668862222052	2.5088773671407955e-33	0.5023766081375781	0.7087853046851198	8.859661840739524e-29	0.643453142749133	0.8021553108651298	1.020735545177887e-41	0.46190523504335357	0.679636104870359	2.0144061297192844e-74
max_median_normcount_filter0	0.15848503641149775	-0.39810179152008063	3.1234920069356046e-08	0.5628486682721372	-0.750232409505306	8.22811989003701e-34	0.3873946682026083	-0.6224103696136564	1.0899235137044371e-20	0.3008064098958202	-0.5484582116221984	9.818941613037624e-44
max_median_normcount_prefix0	0.5966139527090419	0.7724078927024516	6.24905813025285e-37	0.5747162871285639	0.7581004465956763	7.031282101287316e-35	0.6062920719952664	0.7786475916582972	7.14046264668378e-38	0.6203407088641472	0.7876171080316546	3.137154371107763e-115
max_geomean_prob_none	0.5082681231182585	0.7129292553390263	3.052065638140413e-29	0.24571697958001007	0.4956984764753772	1.4939642460744844e-12	0.6128717790532667	0.7828612770173696	1.584908694663913e-38	0.37262393153032136	0.6104293010089877	1.9248021842773012e-56
max_geomean_prob_filter0	0.5367029457250182	0.7326001267574407	1.481471873439839e-31	0.3646694757439131	0.6038786929043888	2.8710322360855803e-19	0.40917156213691697	0.6396651953459067	4.234612314122468e-22	0.3617344949531716	0.6014436756282101	2.0003867566622013e-54
max_geomean_prob_prefix0	0.0004067695214946062	-0.0201685279952357	0.7881363768543526	0.005610857619310983	0.07490565812614547	0.31761630826001885	0.011260770524613625	-0.10611677777153632	0.15625097768703675	0.012192169793705599	0.1104181588041822	0.010234729738218519
max_geomean_pplx_none	0.6442663182026068	-0.8026620199078855	8.325090875071763e-42	0.6611747543880028	-0.813126530367816	1.0778961041126432e-43	0.5937373447328634	-0.7705435385056859	1.1789667217980118e-36	0.4614130995914075	-0.67927395032594	2.5773588093155722e-74
max_geomean_count_none	0.21582945845582452	-0.4645744918264718	5.0493359264446984e-11	0.47509822285905323	-0.689273692272564	1.05207762887337e-26	0.02697150082359828	-0.16423002412347834	0.027594269795323298	0.18433961341143965	-0.42934789321882044	1.247583842448377e-25
max_geomean_count_filter0	0.7001909069695482	-0.8367741074923077	1.957365907016008e-48	0.47767807202841245	-0.691142584441454	6.767957949497272e-27	0.2897863397515301	-0.5383180656001897	6.500960587276294e-15	0.3135086878107731	-0.5599184653239908	6.939144188204775e-46
max_geomean_count_prefix0	0.7331456991169367	0.8562392767894595	6.0402579434667775e-53	0.6351299438447287	0.7969504023744066	8.00968377576684e-41	0.4996927549297504	0.7068894927283546	1.4337044925477305e-28	0.6348262034893656	0.7967598154333372	8.850187459935896e-120
max_geomean_normcount_filter0	0.7650129837721541	-0.8746502065238161	7.185414382490772e-58	0.5907411760606766	-0.768596887881207	2.2729619146618542e-36	0.5923740808616298	-0.7696584183010212	1.590290974538815e-36	0.635509170549557	-0.7971882905246144	5.345928639749094e-120
max_geomean_normcount_prefix0	0.7178936552759138	0.8472860528038413	8.587978714941903e-51	0.671515907762667	0.8194607420509338	6.779474003680197e-45	0.6133807949465392	0.7831863092180169	1.4091974600303241e-38	0.6629119481084783	0.8141940481902814	3.8741355451821715e-129
max_max_prob_none	0.5057389421960394	0.7111532480387328	4.830018493170978e-29	0.37084780459871325	0.6089727453660905	1.193380225326347e-19	0.4934384426647909	0.7024517368935683	4.358418672610983e-28	0.4541178679611695	0.6738826811553844	9.691697033914404e-73
max_max_prob_filter0	0.6809497229950608	0.8251967783474805	5.0338642510764485e-46	0.47861355061085625	0.6918190157915987	5.764401541481572e-27	0.6408849340460867	0.8005528927223277	1.937229172354386e-41	0.5959876541911199	0.7720023667004654	5.866001901941303e-108
max_max_prob_prefix0	0.0033772965675361298	0.05811451253805825	0.43839205298840944	0.00039818937641549173	0.019954683069783187	0.7903304663123497	0.0003299049443018182	0.01816328561416734	0.8087737180124077	0.014186724229448059	0.11910803595663921	0.005583670500386845
max_max_pplx_none	0.17398597848053807	-0.41711626494364623	5.714172674417276e-09	0.02352463117732713	-0.1533774141695156	0.03981944153373313	0.2596056623915141	-0.5095151247917122	2.7832178365979274e-13	0.052512634521730175	-0.22915635387597302	7.261088283338117e-08
max_max_count_none	0.05227435275934807	-0.22863585186787322	0.0020212117581127256	0.30098546832420237	-0.5486214253236947	1.5512588584577155e-15	0.011050257357948396	-0.10512020432794257	0.16019851053661419	0.06383359696263458	-0.25265311587754974	2.61039426167561e-09
max_max_count_filter0	0.045174494707462015	-0.21254292438813863	0.004176691567980237	0.25977970176972703	-0.509685885393864	2.7247125087258423e-13	0.08524117802915684	0.29196091866747653	6.985670062834357e-05	0.03639663570244467	-0.1907790232243699	8.040737840518283e-06
max_max_count_prefix0	0.6016949677257893	0.7756899946020893	2.0139774061315945e-37	0.49304122605440154	0.7021689440970752	4.675165208615277e-28	0.42759260437591046	0.6539056540326826	2.4728535379696736e-23	0.4625673650634468	0.6801230514130857	1.445424940459167e-74
max_max_normcount_prefix0	0.5050155095055594	0.7106444325438421	5.505357238137623e-29	0.6100695212979692	0.7810694727730493	3.0182893555432515e-38	0.5761257763752226	0.759029496380228	5.226338323096317e-35	0.538294040807033	0.7336852464149958	2.4236188888763447e-92
max_min_prob_none	0.2621584865039312	0.5120141467810545	2.0370716001532935e-13	0.3135177269201696	0.5599265370744358	3.039947857261402e-16	0.3483184088062586	0.5901850631846409	2.817626743895336e-18	0.18969197814683392	0.43553642574052737	2.0933386407379633e-26
max_min_prob_filter0	0.2628831673524373	0.5127213349885464	1.8640134413136117e-13	0.30734372070154997	0.5543858951141795	6.809433946040421e-16	0.33127971351060104	0.5755690345306991	2.871049261560648e-17	0.18987870467070855	0.4357507368561854	1.9665530901471406e-26
max_min_prob_prefix0	0.0004067695214946062	-0.0201685279952357	0.7881363768543526	0.005610857619310983	0.07490565812614547	0.31761630826001885	0.010898541934922148	-0.10439608199028423	0.16311339674465355	0.012214377007752863	0.11051867266554039	0.010165503879968238
max_min_pplx_none	0.5977178497314642	-0.7731221441217838	4.892161033536031e-37	0.5938958999844025	-0.7706464169672124	1.1385617557570902e-36	0.6676058808327792	-0.8170715273663495	1.9490067064391908e-44	0.5080448081607842	-0.7127726202378878	6.465368026537042e-85
max_min_pplx_filter0	0.20308239305326053	-0.45064663879059447	2.1830978153505352e-10	0.5560011956038566	-0.7456548770066864	3.301082874851312e-33	0.3299442890671507	-0.5744077724640838	3.4355851016651653e-17	0.13576451672273143	-0.3684623681228945	8.298692684989345e-19
max_min_count_none	0.2365606263850297	-0.48637498536112	4.452619262617748e-12	0.49594555281456015	-0.7042340185013503	2.7956145273320347e-28	0.18484067149099717	0.42993100782683397	1.7109669082739959e-09	0.14016740666154576	-0.37438937840374925	2.0680568472556353e-19
max_min_count_filter0	0.47850698499095745	-0.6917419930804819	5.870847046900759e-27	0.25042037144197354	-0.5004201948782379	8.484381068851847e-13	0.279819931703098	-0.52898008630108	2.2852515390157916e-14	0.2514356703370099	-0.5014336150847986	1.0032446148459328e-35
max_min_count_prefix0	0.6191339951484374	0.7868506816089298	3.693878309815006e-39	0.016542824229293443	0.12861891085409424	0.08529867420970097	0.37269443486857773	0.6104870472570059	9.164648469373223e-20	0.48613006785558327	0.6972302832318625	8.159009635150707e-80
max_min_normcount_filter0	0.7000594904258668	-0.8366955781082309	2.035405801422157e-48	0.38902509941544194	-0.6237187662844865	8.580255237412415e-21	0.5302030159667963	-0.7281504075167412	5.149872520112803e-31	0.57650866055368	-0.7592816740536281	1.8903179123150223e-102
max_min_normcount_prefix0	0.7004585346818469	0.8369340085585284	1.8074722251773986e-48	0.11302310445097483	0.33618909032116856	3.949122884600269e-06	0.40703727500748765	0.6379947296079237	5.851857976554184e-22	0.36403667354007385	0.6033545172948271	7.544111976906394e-55
max_join_prob_none	0.5057389421960394	0.7111532480387328	4.830018493170978e-29	0.37084780459871325	0.6089727453660905	1.193380225326347e-19	0.4934384426647909	0.7024517368935683	4.358418672610983e-28	0.4541178679611695	0.6738826811553844	9.691697033914404e-73
max_join_prob_filter0	0.6809497229950608	0.8251967783474805	5.0338642510764485e-46	0.47861355061085625	0.6918190157915987	5.764401541481572e-27	0.6408849340460867	0.8005528927223277	1.937229172354386e-41	0.5959876541911199	0.7720023667004654	5.866001901941303e-108
max_join_prob_prefix0	0.0033772965675361298	0.05811451253805825	0.43839205298840944	0.00039818937641549173	0.019954683069783187	0.7903304663123497	0.0003299049443018182	0.01816328561416734	0.8087737180124077	0.014186724229448059	0.11910803595663921	0.005583670500386845
max_join_pplx_none	0.17398597848053807	-0.41711626494364623	5.714172674417276e-09	0.02352463117732713	-0.1533774141695156	0.03981944153373313	0.2596056623915141	-0.5095151247917122	2.7832178365979274e-13	0.052512634521730175	-0.22915635387597302	7.261088283338117e-08
max_join_count_none	0.05227435275934807	-0.22863585186787322	0.0020212117581127256	0.30098546832420237	-0.5486214253236947	1.5512588584577155e-15	0.011050257357948396	-0.10512020432794257	0.16019851053661419	0.06383359696263458	-0.25265311587754974	2.61039426167561e-09
max_join_count_filter0	0.045174494707462015	-0.21254292438813863	0.004176691567980237	0.25977970176972703	-0.509685885393864	2.7247125087258423e-13	0.08524117802915684	0.29196091866747653	6.985670062834357e-05	0.03639663570244467	-0.1907790232243699	8.040737840518283e-06
max_join_count_prefix0	0.6016949677257893	0.7756899946020893	2.0139774061315945e-37	0.49304122605440154	0.7021689440970752	4.675165208615277e-28	0.42759260437591046	0.6539056540326826	2.4728535379696736e-23	0.4625673650634468	0.6801230514130857	1.445424940459167e-74
max_join_normcount_prefix0	0.5050155095055594	0.7106444325438421	5.505357238137623e-29	0.6100695212979692	0.7810694727730493	3.0182893555432515e-38	0.5761257763752226	0.759029496380228	5.226338323096317e-35	0.538294040807033	0.7336852464149958	2.4236188888763447e-92
min_sum_prob_none	0.1337362795513376	0.36569971226586656	4.46088788844586e-07	0.03396041989794975	0.18428353127165148	0.013269783712905193	0.03379177691638026	0.18382539790894037	0.013504436848833132	0.08828261630257027	0.2971239073224675	1.810797251404876e-12
min_sum_prob_filter0	0.1229820740527884	0.35068800101056835	1.3905093459787425e-06	0.033694193850638585	0.18355978277018795	0.01364214157951829	0.023987475354998553	0.1548789054551928	0.037895269398934124	0.0753667365901496	0.27453002857638287	8.593965094237492e-11
min_sum_pplx_none	0.7343242352555959	-0.8569272053422017	4.070334830484584e-53	0.6837641028609373	-0.8269002980172019	2.2832418003288873e-46	0.6273222881944394	-0.7920367972477285	5.3042902442333334e-40	0.5591996918827784	-0.7477965578168827	9.18333074997459e-98
min_sum_pplx_filter0	0.39087094310529413	-0.6251967235241194	6.539578479568422e-21	0.43275248916500936	-0.6578392578472414	1.0981304182313504e-23	0.424245622470537	-0.6513414023924297	4.1707191504400393e-23	0.3724043191767922	-0.6102493909679814	2.115437790472007e-56
min_sum_pplx_prefix0	0.0007742796809839361	0.027825881495182433	0.7107907121689464	0.005288441894753294	-0.07272167417457669	0.33197089926951096	0.012768507469620655	0.11299782064102235	0.13096574232538682	0.012505079446706655	-0.11182611254401476	0.009302182164515277
min_sum_count_none	0.09535541140469919	0.3087967153398805	2.468942447816179e-05	0.3814330581875239	0.6176026701589978	2.600150376468791e-20	0.003042985805138193	-0.0551632649970811	0.46203680368269984	0.11118343095806887	0.33344179545772135	1.7281654188114807e-15
min_sum_count_filter0	0.6459704551341191	-0.8037228720984112	5.422721960857196e-42	0.4488098222476922	-0.6699326997898313	8.375387607083327e-25	0.6009584719743328	-0.7752151133552111	2.3753113846017932e-37	0.5822950686722628	-0.7630826093368023	4.646474918355427e-104
min_sum_normcount_filter0	0.638082163834256	-0.7988004530758955	3.8780427465034824e-41	0.6261150669397993	-0.7912743310254664	7.08015339433556e-40	0.6338416232565874	-0.7961417105368789	1.0971992124200262e-40	0.568767778690864	-0.7541669435150709	2.486484240516713e-100
min_mean_prob_none	0.13373627955133763	0.3656997122658666	4.46088788844586e-07	0.03396041989794974	0.18428353127165145	0.013269783712905193	0.03379177691638028	0.18382539790894042	0.013504436848833132	0.08828261630257027	0.2971239073224675	1.810797251404876e-12
min_mean_prob_filter0	0.12298207405278831	0.35068800101056824	1.3905093459787586e-06	0.03369419385063858	0.18355978277018792	0.01364214157951829	0.023987475354998546	0.15487890545519278	0.037895269398934124	0.0753667365901496	0.27453002857638287	8.593965094237492e-11
min_mean_pplx_none	0.7343242352555959	-0.8569272053422017	4.070334830484584e-53	0.6837641028609373	-0.8269002980172019	2.2832418003288873e-46	0.6273222881944391	-0.7920367972477284	5.3042902442334745e-40	0.5591996918827782	-0.7477965578168826	9.183330749975373e-98
min_mean_pplx_filter0	0.39087094310529413	-0.6251967235241194	6.539578479568422e-21	0.4327524891650095	-0.6578392578472415	1.098130418231312e-23	0.4242456224705371	-0.6513414023924298	4.1707191504399676e-23	0.3724043191767922	-0.6102493909679814	2.115437790472007e-56
min_mean_pplx_prefix0	0.0007742796809839256	0.027825881495182243	0.7107907121689464	0.005288441894753312	-0.07272167417457681	0.33197089926951096	0.012768507469620693	0.11299782064102251	0.13096574232538682	0.012505079446706667	-0.11182611254401481	0.009302182164515277
min_mean_count_none	0.09535541140469919	0.3087967153398805	2.468942447816179e-05	0.3814330581875239	0.6176026701589978	2.600150376468791e-20	0.0030429858051381977	-0.05516326499708114	0.46203680368269984	0.11118343095806887	0.33344179545772135	1.7281654188114807e-15
min_mean_count_filter0	0.6459704551341191	-0.8037228720984112	5.422721960857196e-42	0.44880982224769206	-0.6699326997898312	8.37538760708348e-25	0.6009584719743328	-0.7752151133552111	2.3753113846017932e-37	0.5822950686722628	-0.7630826093368023	4.646474918355427e-104
min_mean_normcount_filter0	0.638082163834256	-0.7988004530758955	3.8780427465034824e-41	0.6261150669397998	-0.7912743310254666	7.080153394334998e-40	0.6338416232565872	-0.7961417105368788	1.0971992124200706e-40	0.5687677786908644	-0.7541669435150711	2.486484240516218e-100
min_median_prob_none	0.12502135848677903	0.35358359476477275	1.121742531118196e-06	0.035500064160791246	0.18841460707915203	0.011310245024313784	0.040649376305922275	0.201616904811879	0.006646446271382358	0.08271197620472617	0.287596898809299	9.618314841853369e-12
min_median_prob_filter0	0.10957909647339441	0.3310273349338305	5.655264786943677e-06	0.03336798014637928	0.18266904539735046	0.014112950891929517	0.044688687166494254	0.21139698949250496	0.004389887491273039	0.07420642728447252	0.27240856683385073	1.213172676548343e-10
min_median_pplx_none	0.7200121276595883	-0.84853528368571	4.384373216892613e-51	0.6672097659338764	-0.8168290922426039	2.1675773562817304e-44	0.5882780773853101	-0.76699287961839	3.8851817902376273e-36	0.5016119330644001	-0.7082456728172789	2.1431947328598574e-83
min_median_pplx_filter0	0.5028022013264565	-0.7090854682804157	8.206646331053944e-29	0.49296247548145405	-0.702112865201496	4.740614333644671e-28	0.27732129937548583	-0.5266130452006348	3.1237699655786e-14	0.3725522456824961	-0.6103705806168054	1.985068535034106e-56
min_median_pplx_prefix0	0.0001549072221207454	-0.012446172990953701	0.8682938614942184	0.0008750176386016147	0.029580697060779596	0.6934421588666335	0.0019113487918544897	-0.04371897519218045	0.5600656593732406	0.009336543290603344	-0.09662578998695609	0.024740312145054774
min_median_count_filter0	0.4997017897742358	-0.7068958832630416	1.4313893914437337e-28	0.5001930473492564	-0.7072432731028669	1.310921383793462e-28	0.5293165162522293	-0.7275414189255683	6.095646994687593e-31	0.5064485475777558	-0.7116519848758632	1.547832615678874e-84
min_median_normcount_filter0	0.6177873941290848	-0.7859945255083427	5.06251002639981e-39	0.4947530339756441	-0.7033868309654682	3.454029912853005e-28	0.4844630864708652	-0.6960338256657252	2.09931663847836e-27	0.49465845113974666	-0.703319593882999	8.968989761458486e-82
min_geomean_prob_none	0.023580158919266316	0.15355832416142837	0.03958333367951771	0.03923175897313638	0.19807008601284642	0.007691164127797536	0.0768402800933693	0.27720079381807206	0.0001650723380826593	0.022143677618510705	0.14880751868944897	0.0005218253373703598
min_geomean_prob_filter0	0.0006180206276488663	0.024860020668713578	0.7404482883088521	0.0003126994424757508	-0.01768330971497561	0.8137336939391573	0.03384172557477492	0.18396120671156438	0.013434500197805389	0.008198159343759675	0.09054368748708921	0.03542280960121569
min_geomean_pplx_none	0.7475993531736593	-0.8646382788042982	4.212365549184948e-55	0.7180052513674715	-0.847351905271636	8.290192098958457e-51	0.6592527183311807	-0.8119437901303148	1.7858269280156336e-43	0.5684429767882325	-0.7539515745644627	3.0455657677554827e-100
min_geomean_pplx_filter0	0.48951463762331204	-0.6996532266939902	8.694993933828975e-28	0.5508794299453099	-0.7422125234360506	9.203404595524558e-33	0.4294021090012131	-0.6552878062357128	1.8617559513560095e-23	0.42335560420017443	-0.6506578242057606	2.5478751585132967e-66
min_geomean_pplx_prefix0	0.0008542617215256058	0.029227756012489323	0.6969189940795524	0.005877325897192662	-0.07666371956272838	0.30635876104747173	0.012851653818684998	0.11336513493435713	0.12971016797929255	0.01258588224276227	-0.11218681848934958	0.009075781769248479
min_geomean_count_none	0.08974473479776106	0.2995742558995366	4.3993914818140597e-05	0.4752006883116192	0.6893480168330212	1.0338464321859135e-26	0.0032364806227094356	0.056890074905113594	0.448117225283552	0.11173700868448481	0.33427086125548666	1.4579944659630085e-15
min_geomean_count_filter0	0.5287033454984982	-0.7271198976087081	6.848362453128863e-31	0.488411238998932	-0.6988642493352568	1.0548820141629934e-27	0.5316712883138685	-0.7291579309819434	3.8924050517510703e-31	0.5347696148349407	-0.7312794369014766	1.880520814588752e-91
min_geomean_normcount_filter0	0.5225826315960335	-0.7228987699505606	2.1717330273943026e-30	0.5471208771955899	-0.7396761975321295	1.9387786867265622e-32	0.5554921973725785	-0.7453134893268594	3.6570993264094915e-33	0.5406574069049846	-0.7352940955189187	6.081104677567598e-93
min_max_prob_none	0.14785667805119318	0.3845213622819845	9.860028289549457e-08	0.046667607125224095	0.21602686667455068	0.0035845154173491226	0.02853396921172753	0.16892000832266002	0.023400877117747784	0.09719721171695103	0.3117646736193038	1.229797646347808e-13
min_max_prob_filter0	0.11943325728520754	0.34559117072808376	2.018966704758173e-06	0.03387226738280616	0.1840441995358891	0.013391918282448704	0.023928842064278828	0.15468950211400523	0.03813358408142167	0.07254643751751302	0.26934445885800773	1.985626016344737e-10
min_max_pplx_none	0.6811968923734859	-0.825346528661438	4.6975169522666115e-46	0.38405071475581176	-0.6197182543348322	1.7768012842538563e-20	0.5195540001732002	-0.7208009435157533	3.8235696198275136e-30	0.46572740614207103	-0.6824422364875075	2.9483751984625423e-75
min_max_pplx_filter0	0.19051839959444286	-0.4364841344132028	9.054406101609173e-10	0.2917037768687618	-0.5400960811455326	5.094509440122096e-15	0.40538142522530396	-0.6366957085023457	7.515218419040499e-22	0.29175961869866157	-0.5401477748715268	3.1659778686122125e-42
min_max_pplx_prefix0	0.00017913070582264632	0.013383971974815485	0.8584702338153664	0.004801108514103191	-0.06929003185237535	0.3553518407827726	0.011516855634099162	0.10731661397052723	0.15159590527702943	0.013096893014394498	-0.11444165768807484	0.007768433254397218
min_max_count_none	1.2255393225443222e-05	-0.003500770375994864	0.9627995988045523	0.07121048116822308	0.26685292047909664	0.0002932911925257167	0.001834911610257116	-0.04283586826780935	0.5680255100664751	0.008239681968287747	0.09077269395742173	0.03495891440306708
min_max_count_filter0	0.5771688153905574	-0.759716272953632	4.193555455886182e-35	0.5205886222423576	-0.7215182757507654	3.1529727172279847e-30	0.5039784956889025	-0.7099144284270482	6.639197958600567e-29	0.5389043638010046	-0.734101058302605	1.697024367156872e-92
min_max_normcount_filter0	0.40883810372043616	-0.6394044914765896	4.454458129247296e-22	0.542674711976277	-0.7366645858029807	4.6439151108066305e-32	0.554683521509027	-0.7447707845431553	4.3023079309575585e-33	0.4582486934349891	-0.6769406867924169	1.2503800993160302e-73
min_min_prob_none	0.021162572004714046	0.14547361274373455	0.051353468239095666	0.0004630786974998429	-0.021519263405141053	0.7743167300130218	0.0007795884914342043	0.027921111930476628	0.7098453208897157	0.00011067498382229612	0.010520217860020586	0.8073020577060986
min_min_prob_filter0	0.03046790179685123	-0.17455057088663797	0.019101351831858408	0.00046211508298078373	-0.02149686216592514	0.7745453575669761	0.0009268428004635801	0.030444093030727325	0.6849638731018549	0.00011368569507348143	0.010662349416215989	0.8047507502450657
min_min_pplx_none	0.5902798837623106	-0.7682967419964181	2.5136256626380757e-36	0.7043648454066327	-0.8392644669033907	5.604089757095104e-49	0.6251529448613173	-0.7906661399486621	8.906501630818995e-40	0.45243971067544686	-0.6726363881588974	2.217133320576168e-72
min_min_pplx_filter0	0.6959630680182844	-0.8342440098785753	6.826900948603577e-48	0.5983955793328758	-0.7735603268865822	4.208103381234557e-37	0.4352989726092407	-0.659771909533318	7.336746797440559e-24	0.49244527835534235	-0.7017444537403501	2.9122975028763154e-81
min_min_pplx_prefix0	0.003102231031553606	-0.055697675279616526	0.4577036134120491	0.00022080535964212153	-0.014859520841605947	0.8430580320787939	0.0021605653475552976	-0.04648188192785763	0.5355143680338792	0.015277496337184882	-0.12360216962976371	0.004019375985907571
min_min_count_none	0.3607541152471471	0.6006281006139715	4.98637675381193e-19	0.4487343220277672	-0.6698763483119606	8.478805285342417e-25	1.5172475351715011e-05	-0.0038951861767719154	0.9586119401206327	0.08472691772879488	0.2910788857488548	5.262345912888398e-12
min_min_count_filter0	0.47942903148687094	-0.6924081393851974	5.010615730960768e-27	0.48513576104641276	-0.6965168777900596	1.867741966296707e-27	0.3863707741440974	-0.6215873021097659	1.2662029986712795e-20	0.44176436894389637	-0.6646535706244994	4.042622047560042e-70
min_min_normcount_filter0	0.5122528522842107	-0.7157184168960659	1.4738101455112137e-29	0.5580129800090939	-0.7470026639906272	2.1996524694080894e-33	0.5609164508466672	-0.7489435565158881	1.2203936655355638e-33	0.4868402747731678	-0.6977394031966145	5.620175925382397e-80
min_join_prob_none	0.021162572004714046	0.14547361274373455	0.051353468239095666	0.0004630786974998429	-0.021519263405141053	0.7743167300130218	0.0007795884914342043	0.027921111930476628	0.7098453208897157	0.00011067498382229612	0.010520217860020586	0.8073020577060986
min_join_prob_filter0	0.03046790179685123	-0.17455057088663797	0.019101351831858408	0.00046211508298078373	-0.02149686216592514	0.7745453575669761	0.0009268428004635801	0.030444093030727325	0.6849638731018549	0.00011368569507348143	0.010662349416215989	0.8047507502450657
min_join_pplx_none	0.5902798837623106	-0.7682967419964181	2.5136256626380757e-36	0.7043648454066327	-0.8392644669033907	5.604089757095104e-49	0.6251529448613173	-0.7906661399486621	8.906501630818995e-40	0.45243971067544686	-0.6726363881588974	2.217133320576168e-72
min_join_pplx_filter0	0.6959630680182844	-0.8342440098785753	6.826900948603577e-48	0.5983955793328758	-0.7735603268865822	4.208103381234557e-37	0.4352989726092407	-0.659771909533318	7.336746797440559e-24	0.49244527835534235	-0.7017444537403501	2.9122975028763154e-81
min_join_pplx_prefix0	0.003102231031553606	-0.055697675279616526	0.4577036134120491	0.00022080535964212153	-0.014859520841605947	0.8430580320787939	0.0021605653475552976	-0.04648188192785763	0.5355143680338792	0.015277496337184882	-0.12360216962976371	0.004019375985907571
min_join_count_none	0.3607541152471471	0.6006281006139715	4.98637675381193e-19	0.4487343220277672	-0.6698763483119606	8.478805285342417e-25	1.5172475351715011e-05	-0.0038951861767719154	0.9586119401206327	0.08472691772879488	0.2910788857488548	5.262345912888398e-12
min_join_count_filter0	0.47942903148687094	-0.6924081393851974	5.010615730960768e-27	0.48513576104641276	-0.6965168777900596	1.867741966296707e-27	0.3863707741440974	-0.6215873021097659	1.2662029986712795e-20	0.44176436894389637	-0.6646535706244994	4.042622047560042e-70
min_join_normcount_filter0	0.5122528522842107	-0.7157184168960659	1.4738101455112137e-29	0.5580129800090939	-0.7470026639906272	2.1996524694080894e-33	0.5609164508466672	-0.7489435565158881	1.2203936655355638e-33	0.4868402747731678	-0.6977394031966145	5.620175925382397e-80
