pregen	mscoco_R^2	mscoco_R	mscoco_p	flickr30k_R^2	flickr30k_R	flickr30k_p	flickr8k_R^2	flickr8k_R	flickr8k_p	all_R^2	all_R	all_p
sum_sum_prob_none	0.447669315279837	0.669080948226623	1.0079513912880435e-24	0.3689832225675245	0.6074398921436791	1.5567678522709788e-19	0.481954580299594	0.6942294867690323	3.241890739076119e-27	0.29444120735267054	0.5426243704006212	1.1359900331032338e-42
sum_sum_prob_filter0	0.5300984722629902	0.728078616814826	5.253378882951914e-31	0.48827894792069954	0.698769595732885	1.0795807781960922e-27	0.5061792619215669	0.711462762146809	4.459792216068072e-29	0.3288315485673866	0.5734383563796431	1.5628477897774016e-48
sum_sum_prob_prefix0	5.61796000924051e-05	-0.007495305203419345	0.9204547604746918	0.00024386131146206748	0.01561605940889274	0.8351786063293177	4.730252185318618e-06	-0.002174914293786911	0.9768835046397039	0.038609849812294546	0.19649389255723584	4.215837586473886e-06
sum_sum_pplx_none	0.14323001745572458	-0.3784574182860267	1.620376706113644e-07	0.14058496158483283	-0.374946611646022	2.1504741548677629e-07	0.15345907393379357	-0.39173852750756283	5.387226828984655e-08	0.0064001431786004735	-0.0800008948612481	0.06320831797214975
sum_sum_count_none	0.0007420711382561795	-0.027240982696227746	0.7166068713362259	0.004200614710298744	-0.06481214940347793	0.3873695075136111	0.0016967898233284907	-0.0411921087506878	0.5829827509322234	0.027442947460099013	0.1656591303251922	0.00011000069623322132
sum_sum_count_filter0	0.021052934860362197	-0.14509629512969033	0.05196711726026375	0.02222245210675033	-0.14907196955413962	0.045797951715533906	0.020036686761546806	-0.14155100409939453	0.058035390770843694	0.00788337167371843	0.08878835325490855	0.03915552509543354
sum_sum_count_prefix0	0.06777501184968737	0.2603363436973166	0.0004163395020203344	0.03135641048222199	0.17707741381164904	0.01740610243690179	0.03438691667175871	0.18543709626652027	0.012694696621190344	0.10498295740291028	0.32401073655499485	1.1529299373356427e-14
sum_sum_normcount_none	0.00019644893320052272	-0.01401602415810285	0.8518615037260869	0.0005018154013593467	-0.02240123660335176	0.7653309023400245	0.0005779024258053641	-0.02403960119896676	0.7487223907842282	0.033103527224759406	0.18194374741869918	2.1022164221307176e-05
sum_sum_normcount_filter0	0.01821007425374774	-0.13494470813539797	0.07089795120383129	0.013399424805995187	-0.11575588454154366	0.12176319296203646	0.01757582101490329	-0.13257383231582048	0.07604454808811478	0.011424145028165163	0.10688379216777988	0.012950711114184077
sum_sum_normcount_prefix0	0.0753875214305112	0.2745678812798598	0.00019148358409012584	0.04936674798012839	0.22218629116155747	0.0027199282668525764	0.04329069349829634	0.20806415716863955	0.00506664086528628	0.11219081289993674	0.33494897059094947	1.2682442776930174e-15
sum_mean_prob_none	0.4476694500064006	0.6690810489069322	1.0079293616663178e-24	0.36898322256752464	0.6074398921436792	1.556767852270954e-19	0.481954580299594	0.6942294867690323	3.241890739076119e-27	0.2944412698265757	0.5426244279670569	1.1359628566092958e-42
sum_mean_prob_filter0	0.530098571243127	0.7280786847883455	5.2532799184940625e-31	0.48827894792069954	0.698769595732885	1.0795807781960922e-27	0.5061792619215669	0.711462762146809	4.459792216068072e-29	0.32883159868343076	0.5734384000774894	1.562816280661698e-48
sum_mean_prob_prefix0	5.653315288286204e-05	-0.007518853162741113	0.9202056801069031	0.0002438613114620671	0.015616059408892729	0.8351786063293177	4.730252185318501e-06	-0.002174914293786884	0.9768835046397039	0.038603109907426617	0.19647674139049287	4.224134990095085e-06
sum_mean_pplx_none	0.14325192810963422	-0.3784863644963108	1.6165774676940996e-07	0.1405849615848328	-0.37494661164602194	2.1504741548677885e-07	0.15345907393379357	-0.39173852750756283	5.387226828984655e-08	0.00641750664564101	-0.08010934181255648	0.06285020685686867
sum_mean_count_none	0.0007414428014382066	-0.027229447321570937	0.7167217429927011	0.004200614710298746	-0.06481214940347794	0.3873695075136111	0.0016967898233284907	-0.0411921087506878	0.5829827509322234	0.027438621862564377	0.1656460740934248	0.00011014015619893937
sum_mean_count_filter0	0.021053220780667247	-0.14509728040410422	0.05196550697769209	0.02222245210675033	-0.14907196955413962	0.045797951715533906	0.020036686761546813	-0.14155100409939456	0.058035390770843694	0.007877498894380877	0.08875527530451853	0.03922894669049886
sum_mean_count_prefix0	0.06778632505039334	0.2603580708378239	0.00041585961841540236	0.03135641048222199	0.17707741381164904	0.01740610243690179	0.03438691667175871	0.18543709626652027	0.012694696621190344	0.10499070259470397	0.3240226883949702	1.1502081736592486e-14
sum_mean_normcount_none	0.0001955881936076944	-0.013985284895478333	0.8521826784786084	0.0005018154013593464	-0.022401236603351755	0.7653309023400245	0.0005779024258053643	-0.024039601198966764	0.7487223907842282	0.03310335079077854	0.18194326255945434	2.102324712351874e-05
sum_mean_normcount_filter0	0.018206299388550607	-0.13493072069973763	0.07092746234241169	0.013399424805995193	-0.11575588454154369	0.12176319296203386	0.01757582101490329	-0.13257383231582048	0.07604454808811478	0.011419563890952795	0.10686235956103905	0.012968956533218319
sum_mean_normcount_prefix0	0.07541191054839366	0.27461229132796233	0.00019100718005018603	0.049366747980128405	0.2221862911615575	0.0027199282668525764	0.04329069349829634	0.20806415716863955	0.00506664086528628	0.11220695320064977	0.33497306339562555	1.2619691679227257e-15
sum_median_prob_none	0.46036648019989085	0.6785031173103708	1.2548386399372917e-25	0.1710845719846014	0.4136237081993746	7.86910782255532e-09	0.4643304708672394	0.6814179854298237	6.4832637088053e-26	0.3155776904952754	0.561763019871614	3.0708963952106347e-46
sum_median_prob_filter0	0.5201828423601252	0.7212370223166066	3.4008532568833855e-30	0.37771014379668233	0.6145812751757755	4.456603154472303e-20	0.46170482631237303	0.679488650613366	1.0045967384950534e-25	0.30793876430543854	0.5549223047467443	6.154641135160174e-45
sum_median_prob_prefix0	0.00023073256968364028	-0.015189883794277041	0.8396153037230121	4.0037410758944975e-07	-0.000632751220930825	0.9932738276247335	0.00018181511314642617	-0.013483883459390554	0.8574248936017502	0.03720405009421947	0.19288351431426032	6.353218892044111e-06
sum_median_pplx_none	0.16236816694217932	-0.4029493354532047	2.046129462087479e-08	0.154958522487596	-0.3936477136826734	4.579974122843324e-08	0.15884113946704442	-0.3985487918273551	3.0048525214122416e-08	0.01126493783318665	-0.10613641143917883	0.01360049268312191
sum_median_pplx_filter0	0.09722983822919387	-0.31181699477288577	2.0347362023891103e-05	0.11171226275484443	-0.33423384441861126	4.527997202224919e-06	0.09827622871856392	-0.3134903965332334	1.826294646964768e-05	1.7434723475873397e-06	-0.0013204061297901262	0.9755786715704636
sum_median_count_none	0.0005388318981113662	-0.023212752919707008	0.7570904531694969	0.002494598930254304	-0.04994596009943451	0.5055116287793926	0.0014545287828396781	-0.03813828500129074	0.611243639902868	0.02869276567267627	0.16938939067331304	7.629385905502485e-05
sum_median_count_filter0	0.02085625474252489	-0.1444169475599207	0.05308730308794808	0.019435263750543087	-0.1394104147850622	0.06197401957810412	0.02126905815983365	-0.14583915167002875	0.050764723191428766	0.008301483432102434	0.0911124768190528	0.03428015696111378
sum_median_count_prefix0	0.042201571702016605	0.2054302112689772	0.0056661003520309715	0.019663417132384745	0.14022630684855372	0.06044768401984155	0.017124737828842822	0.1308615215746891	0.07994629918070109	0.0876941479833889	0.2961319773063843	2.1609597636093675e-12
sum_median_normcount_none	0.0001955881936076944	-0.013985284895478333	0.8521826784786084	0.0005018154013593464	-0.022401236603351755	0.7653309023400245	0.0005779024258053643	-0.024039601198966764	0.7487223907842282	0.03310335079077854	0.18194326255945434	2.102324712351874e-05
sum_median_normcount_filter0	0.01810595806795298	-0.1345583816339695	0.07171671346333294	0.013454358205152695	-0.11599292308219797	0.12099629792435038	0.01784629568231171	-0.13359002837903625	0.0738027874405001	0.011412814031021476	0.10683077286541307	0.012995887386556356
sum_median_normcount_prefix0	0.051444860194089094	0.2268145943145835	0.002199791794446524	0.04399119087152697	0.20974077064683197	0.004715313528861741	0.029246734996720765	0.17101676817412018	0.021711214811802597	0.09758427291208117	0.3123848154313541	1.0937131183233319e-13
sum_geomean_prob_none	0.4711634894497308	0.6864134974268286	2.0534021728021715e-26	0.30213903771269035	0.5496717545159933	1.3367272490104941e-15	0.528663941473876	0.7270928011429325	6.89976146398891e-31	0.297478983996843	0.5454163400530305	3.5407657353955382e-43
sum_geomean_prob_filter0	0.5232675856400555	0.7233723699727931	1.910000538205019e-30	0.4389046136997351	0.6624987650552528	4.1320821282061664e-24	0.4365541181553512	0.660722421411103	6.0101716993133335e-24	0.3029339957911082	0.5503944002177967	4.310439658615388e-44
sum_geomean_prob_prefix0	0.011781092034132674	0.10854073905282142	0.14695532169517575	0.030471880242970387	0.17456196677103059	0.01909339605479728	0.004881898552458754	-0.06987058431456512	0.3513255688116802	0.06104369330533617	0.24707021938172996	5.93661132693586e-09
sum_geomean_pplx_none	0.15661782139458907	-0.3957496953815493	3.8258141263786e-08	0.15225769859353216	-0.39020212530627274	6.134485139166744e-08	0.15688449573612867	-0.39608647507347267	3.7166683364572926e-08	0.010223578698032058	-0.10111171395062027	0.01876307513618616
sum_geomean_count_none	0.0006429605719768037	-0.02535666720956845	0.7354538628019448	0.003132372656057251	-0.05596760362975398	0.4555235639882378	0.0015558328886583542	-0.039444047569416024	0.5990860242210878	0.028515131452626696	0.16886423970937925	8.03646595828003e-05
sum_geomean_count_filter0	0.026719108588260928	-0.1634598072562822	0.028341014201120243	0.02307535261290137	-0.15190573594470147	0.04178452608169632	0.02347818375941861	-0.15322592391439058	0.04001806381592347	0.006438569072291298	0.08024069461496017	0.062418698280481334
sum_geomean_count_prefix0	0.12275079760784775	0.3503580991041134	1.4247639997889943e-06	0.09614834303260732	0.3100779628296847	2.275031910469475e-05	0.013355445553798542	0.11556576289627712	0.12238101591167196	0.1332200189897406	0.36499317663449626	1.8469905457346685e-18
sum_geomean_normcount_none	0.0001955881936076944	-0.013985284895478333	0.8521826784786084	0.0005018154013593464	-0.022401236603351755	0.7653309023400245	0.0005779024258053643	-0.024039601198966764	0.7487223907842282	0.03310335079077854	0.18194326255945434	2.102324712351874e-05
sum_geomean_normcount_filter0	0.02345885238490598	-0.15316282964513936	0.04010103360698076	0.015513576292821006	-0.12455350774996667	0.0957308676272906	0.020380202580611035	-0.14275924691805794	0.055904870151504575	0.009218174518399022	0.09601132494866958	0.025675313091896333
sum_geomean_normcount_prefix0	0.1317900307918889	0.36302896687714725	5.484279546662805e-07	0.12706002260601967	0.3564547974232072	9.046502961572469e-07	0.019489950188160684	0.13960641170147123	0.0616045011324556	0.1402508353960647	0.3745007815693643	2.0141903414866544e-19
sum_max_prob_none	0.4460524702004083	0.6678715970906446	1.3097494395552863e-24	0.3672910263296644	0.6060453995615052	1.980195232625485e-19	0.47090057270294405	0.6862219558589947	2.1468615261437333e-26	0.2918533649575885	0.5402345462459694	3.054740924341639e-42
sum_max_prob_filter0	0.5299116826135396	0.7279503297708846	5.443462037411948e-31	0.4878114787768805	0.698435021155784	1.1715264795856426e-27	0.5061878994210874	0.7114688323609738	4.4528177582438806e-29	0.328362730968548	0.5730294328989987	1.8871138865348084e-48
sum_max_prob_prefix0	2.019875519524264e-05	0.004494302526003633	0.9522531037524712	0.0001685568945388311	0.012982946296539592	0.8626684886688298	0.0010041839502857126	0.031688861612334904	0.6728098041359232	0.04101719583433433	0.20252702494811484	2.0886423187639803e-06
sum_max_pplx_none	0.12979193553150223	-0.36026647850098714	6.777164485382536e-07	0.1281291862379102	-0.35795137412490846	8.080279310806348e-07	0.1469961807445772	-0.38340080952519806	1.0816180599642655e-07	0.00391180988903482	-0.06254446329640075	0.14665310943156795
sum_max_count_none	0.0017586846554686797	-0.041936674349174134	0.5761850897112072	0.010897600385886842	-0.10439157238918687	0.1631316731390795	0.002574653960449429	-0.05074104808189745	0.49875127982883427	0.021484176180172655	0.14657481427643923	0.0006339247195042687
sum_max_count_filter0	0.01218131436881452	-0.11036899188093782	0.14022619271496892	0.02383819946814734	-0.15439624175525563	0.038505067950674654	0.01341548710694793	-0.11582524382425417	0.12153840465352932	0.0102442645892128	0.10121395451820267	0.018642992297653444
sum_max_count_prefix0	0.09830327247479732	0.3135335268751929	1.8211987612030492e-05	0.03755193619570119	0.19378321959267059	0.009146825773960466	0.0593968932890116	0.24371477856094734	0.0009777488208959565	0.1229243886823944	0.35060574536421163	4.601819768009643e-17
sum_max_normcount_none	0.0001955881936076944	-0.013985284895478333	0.8521826784786084	0.0005018154013593464	-0.022401236603351755	0.7653309023400245	0.0005779024258053643	-0.024039601198966764	0.7487223907842282	0.03310335079077854	0.18194326255945434	2.102324712351874e-05
sum_max_normcount_filter0	0.007633706620383946	-0.08737108572281763	0.24350472707439969	0.006451335559242281	-0.08032020641932067	0.28379460797526274	0.008449950257866904	-0.09192361099231744	0.21971250679216683	0.01880666656637558	0.13713740031944452	0.0014007057520792603
sum_max_normcount_prefix0	0.09879764884152546	0.3143209328720018	1.7304940326990737e-05	0.053592804916770403	0.23150119852123963	0.0017668103284374799	0.05704163251064413	0.23883390151032607	0.0012429941564390233	0.1254863810135497	0.35424056940665294	2.0740674653713498e-17
sum_min_prob_none	0.2514703841507014	0.5014682284559027	7.474235882825889e-13	0.3025791909797614	0.5500719870887458	1.262848672614803e-15	0.3149517839046865	0.5612056520605316	2.518138379813527e-16	0.1576115176538251	0.3970031708359835	7.874025265691499e-22
sum_min_prob_filter0	0.24514502740612296	0.4951212249602343	1.6000106173856285e-12	0.2492063613206589	0.49920573045655126	9.82159375899834e-13	0.2813200636386172	0.5303961384084703	1.893301022928178e-14	0.15365451480376177	0.3919879013487046	2.8124071420646034e-21
sum_min_prob_prefix0	0.0027702819580388157	-0.052633468041150544	0.48285436119833836	0.013748005977588644	0.11725189114717359	0.11698577388227434	0.03732369135412303	-0.19319340401298132	0.009365099035175435	0.028569218124895292	0.16902431223020933	7.910262996799833e-05
sum_min_pplx_none	0.15145474989270824	-0.38917187705782164	6.690297621052291e-08	0.13954962231781343	-0.37356341137457966	2.4019598660665986e-07	0.1539120986064385	-0.3923163246749216	5.129505348654692e-08	0.011960509912090996	-0.10936411619946917	0.010986262960666638
sum_min_pplx_filter0	0.1324440292030185	-0.3639286045408062	5.116764612969833e-07	0.12091600588788727	-0.3477297886116277	1.727901669787164e-06	0.11619029767550888	-0.34086697944434113	2.836093270342953e-06	0.0023264927392132482	-0.04823373030580621	0.2631808405300914
sum_min_count_none	0.00021070150211628373	-0.014515560689008321	0.8466456192862407	0.0008880027426425675	-0.029799374869996308	0.6912911569084988	0.0009821325992435388	-0.03133899486651636	0.6762175587649892	0.03356272898269798	0.1832013345549043	1.838472025263803e-05
sum_min_count_filter0	0.04990946756824686	-0.22340426935993604	0.002573215491711702	0.028410933192858263	-0.168555430624048	0.023705936128420795	0.036492992610169105	-0.1910313916877776	0.010205106034128	0.002734129618292176	0.052288905307839216	0.22509210847176947
sum_min_count_prefix0	0.05898424851913013	0.24286672995519606	0.0010197381145681263	0.05873075803718518	0.24234429648164857	0.0010464224751978643	0.0003177065768293445	0.017824325424243816	0.8122756875490403	0.09610601630138142	0.31000970356003604	1.7112640086151458e-13
sum_min_normcount_none	0.0001955881936076944	-0.013985284895478333	0.8521826784786084	0.0005018154013593464	-0.022401236603351755	0.7653309023400245	0.0005779024258053643	-0.024039601198966764	0.7487223907842282	0.03310335079077854	0.18194326255945434	2.102324712351874e-05
sum_min_normcount_filter0	0.05017067698019255	-0.2239881179442172	0.002505464096677576	0.0298961284438045	-0.17290496940170488	0.020280779398210852	0.03802078786958929	-0.19498919936650155	0.00871449578856549	0.0023159643644939804	0.04812446742036716	0.26426506312301534
sum_min_normcount_prefix0	0.07790378021342373	0.2791124866669776	0.00014806995739218663	0.10589454417182291	0.3254144191209463	8.295813827215236e-06	0.005019626941625394	0.07084932562576297	0.34460294100511013	0.110702559605397	0.3327199417008199	2.0030204359796156e-15
sum_join_prob_none	0.447669315279837	0.669080948226623	1.0079513912880435e-24	0.36898322256752464	0.6074398921436792	1.556767852270954e-19	0.48195458029959415	0.6942294867690324	3.241890739076057e-27	0.29444120735267054	0.5426243704006212	1.1359900331032338e-42
sum_join_prob_filter0	0.5300984722629902	0.728078616814826	5.253378882951914e-31	0.48827894792069954	0.698769595732885	1.0795807781960922e-27	0.5061792619215669	0.711462762146809	4.459792216068072e-29	0.3288315485673866	0.5734383563796431	1.5628477897774016e-48
sum_join_prob_prefix0	5.617960009240497e-05	-0.007495305203419336	0.9204547604746918	0.00024386131146206705	0.015616059408892727	0.8351786063293177	4.730252185318554e-06	-0.0021749142937868963	0.9768835046397039	0.038609849812294546	0.19649389255723584	4.215837586473886e-06
sum_join_pplx_none	0.14323001745572458	-0.3784574182860267	1.620376706113644e-07	0.14058496158483288	-0.37494661164602205	2.1504741548677629e-07	0.1534590739337936	-0.3917385275075629	5.387226828984655e-08	0.0064001431786004735	-0.0800008948612481	0.06320831797214975
sum_join_count_none	0.0007420711382561795	-0.027240982696227746	0.7166068713362259	0.004200614710298744	-0.06481214940347793	0.3873695075136111	0.0016967898233284907	-0.0411921087506878	0.5829827509322234	0.027442947460099013	0.1656591303251922	0.00011000069623322132
sum_join_count_filter0	0.021052934860362197	-0.14509629512969033	0.05196711726026375	0.02222245210675033	-0.14907196955413962	0.045797951715533906	0.020036686761546806	-0.14155100409939453	0.058035390770843694	0.00788337167371843	0.08878835325490855	0.03915552509543354
sum_join_count_prefix0	0.06777501184968737	0.2603363436973166	0.0004163395020203344	0.03135641048222199	0.17707741381164904	0.01740610243690179	0.03438691667175871	0.18543709626652027	0.012694696621190344	0.10498295740291028	0.32401073655499485	1.1529299373356427e-14
sum_join_normcount_none	0.00019644893320052272	-0.01401602415810285	0.8518615037260869	0.0005018154013593467	-0.02240123660335176	0.7653309023400245	0.0005779024258053641	-0.02403960119896676	0.7487223907842282	0.033103527224759406	0.18194374741869918	2.1022164221307176e-05
sum_join_normcount_filter0	0.018210074253747748	-0.134944708135398	0.07089795120383129	0.013399424805995184	-0.11575588454154365	0.12176319296203646	0.017575821014903296	-0.1325738323158205	0.07604454808811478	0.011424145028165163	0.10688379216777988	0.012950711114184077
sum_join_normcount_prefix0	0.0753875214305112	0.2745678812798598	0.00019148358409012584	0.04936674798012839	0.22218629116155747	0.0027199282668525764	0.043290693498296326	0.20806415716863952	0.00506664086528628	0.11219081289993674	0.33494897059094947	1.2682442776930174e-15
mean_sum_prob_none	0.6251487531047201	0.7906634891688878	8.915399551808118e-40	0.4747391512427846	0.6890131720386662	1.1185107519998194e-26	0.664072819140633	0.8149066321613986	5.007466121014552e-44	0.5592328248015128	0.747818711187085	8.99924145699003e-98
mean_sum_prob_filter0	0.7639747652400404	0.8740565000273383	1.0644844607266017e-57	0.633150759113188	0.7957077095976813	1.2983091437488036e-40	0.6987584441276391	0.8359177256929291	2.9946562716833864e-48	0.6512792393394069	0.8070187354327079	3.5938754657332784e-125
mean_sum_prob_prefix0	0.011332977562923792	0.10645645853081809	0.15492232224698244	0.14011875859747114	0.3743244028880179	2.2603099456246595e-07	0.06215490382099354	0.2493088522716222	0.0007382152964093103	0.12800122298612848	0.35777258557095803	9.466600105129165e-18
mean_sum_pplx_none	0.9513309251015875	-0.9753619456907202	8.96099152374252e-119	0.9048635828581004	-0.951243177561921	7.420611627335963e-93	0.9403628362114451	-0.9697230719187026	6.461462297372573e-111	0.7713489996800228	-0.8782647662749672	1.6219931280254488e-174
mean_sum_count_none	0.9581850843102409	-0.9788692886745609	1.2127442777961002e-124	0.6542008072520742	-0.8088268091823331	6.642508523310314e-43	0.23916485998085252	-0.48904484454991703	3.2678734408919057e-12	0.21905742176428253	-0.4680357056510566	9.50134392440256e-31
mean_sum_count_filter0	0.9846019819056632	-0.9922711231844163	2.9095210509219605e-163	0.9316876803294774	-0.965239700970426	1.1527154634717319e-105	0.9163890843148073	-0.957282134124944	7.520824929477095e-98	0.611160391225825	-0.7817674790024365	1.9544436088676894e-112
mean_sum_count_prefix0	0.9769487172350344	0.9884071616672121	1.1507766486266979e-147	0.8566719663081401	0.9255657547187774	5.2817979713348e-77	0.9075670891323002	0.9526631561744687	5.695153101944895e-94	0.9083574472861602	0.9530778810182094	2.2976216044776043e-281
mean_sum_normcount_filter0	0.9827004392361472	-0.9913124831435077	9.225477860365468e-159	0.9778374063874598	-0.9888566156867535	3.476674224374471e-149	0.9859648784909892	-0.9929576418412768	7.61017741441795e-167	0.818842028777302	-0.9048989052801987	9.93168467480917e-202
mean_sum_normcount_prefix0	0.9755967960144171	0.9877230360857324	1.8373599794115863e-145	0.9329008047655535	0.9658679023373504	2.338135708842374e-106	0.9601941001096926	0.979894943404492	1.5141306470151812e-126	0.9387593888453561	0.9688959638915605	0.0
mean_mean_prob_none	0.625148763382789	0.790663495668536	8.915377723609937e-40	0.47473915124278476	0.6890131720386663	1.1185107519997984e-26	0.6640728191406332	0.8149066321613987	5.007466121014257e-44	0.5592328130927201	0.7478187033584545	8.999305858225849e-98
mean_mean_prob_filter0	0.7639747555588474	0.8740564944892564	1.0644883533539294e-57	0.6331507591131876	0.7957077095976811	1.2983091437489262e-40	0.6987584441276394	0.8359177256929293	2.994656271683042e-48	0.6512792385137787	0.807018734921178	3.5938777568742344e-125
mean_mean_prob_prefix0	0.011194197836164979	0.10580263624392815	0.15748734836830297	0.14011875859747108	0.3743244028880178	2.2603099456246865e-07	0.062154903820993666	0.24930885227162244	0.0007382152964093019	0.12798587999140768	0.3577511425438187	9.51206692460179e-18
mean_mean_pplx_none	0.9512441572913932	-0.9753174648756133	1.0500836816014148e-118	0.9048635828581	-0.9512431775619208	7.420611627338854e-93	0.9403628362114449	-0.9697230719187024	6.461462297374447e-111	0.7712056168477306	-0.8781831340032275	1.9201058311588222e-174
mean_mean_count_none	0.9590305058975229	-0.9793010292537851	1.9683140309554074e-125	0.6542008072520744	-0.8088268091823332	6.642508523310122e-43	0.23916485998085274	-0.48904484454991726	3.267873440891863e-12	0.21896579037866107	-0.467937806101047	9.808016954042493e-31
mean_mean_count_filter0	0.9847054630228467	-0.992323265384243	1.5964788410089382e-163	0.9316876803294771	-0.9652397009704259	1.1527154634720444e-105	0.9163890843148079	-0.9572821341249443	7.520824929471871e-98	0.6106657608142697	-0.7814510610487836	2.7524096620403126e-112
mean_mean_count_prefix0	0.9768687305260217	0.9883666984100697	1.5663814828540308e-147	0.8566719663081399	0.9255657547187773	5.2817979713355294e-77	0.9075670891323002	0.9526631561744687	5.695153101944895e-94	0.9083917256643279	0.9530958638375931	2.0776115938848495e-281
mean_mean_normcount_filter0	0.9828318410850347	-0.9913787576325381	4.680043038289084e-159	0.9778374063874595	-0.9888566156867534	3.4766742243775235e-149	0.9859648784909884	-0.9929576418412763	7.610177414460646e-167	0.817808449388405	-0.9043276228162032	4.591311536801702e-201
mean_mean_normcount_prefix0	0.9755155517487203	0.9876819081813336	2.469909854973093e-145	0.9329008047655533	0.9658679023373503	2.3381357088430196e-106	0.9601941001096929	0.9798949434044921	1.5141306470144293e-126	0.9389417270231375	0.9689900551724654	0.0
mean_median_prob_none	0.59452953668799	0.7710574146508092	9.903161579286663e-37	0.2207337866967548	0.46982314406248105	2.8581563205593797e-11	0.5831438542477984	0.7636385625725028	1.1757004200314597e-35	0.5088873028299861	0.7133633736252416	4.073767856694607e-85
mean_median_prob_filter0	0.6539355705816551	0.8086628287374504	7.113028587309725e-43	0.48617493161220743	0.6972624553295605	1.5587285138839794e-27	0.5868374083879033	0.7660531367913739	5.3081962638933496e-36	0.48171633631041294	0.6940578767728329	8.179999544422019e-79
mean_median_prob_prefix0	0.0033615699499061104	-0.05797904750775154	0.4394620370437953	0.03635128880755244	0.19066013953512265	0.010355854353901274	0.009388097969204664	0.09689219766939268	0.19568769182221396	0.08696934955189263	0.2949056621224703	2.686309484483281e-12
mean_median_pplx_none	0.9429383814256602	-0.9710501436206372	1.2686921375841805e-112	0.9269873593568382	-0.9628018276659212	4.3134059224834187e-103	0.9670972279305788	-0.9834110167832059	6.561369530921527e-134	0.8264791435341942	-0.9091089833095888	9.186817633548222e-207
mean_median_pplx_filter0	0.9187019516627793	-0.958489411346197	6.186573862391378e-99	0.9129197473479518	-0.9554683392703035	2.8088303723260466e-96	0.9379789095116302	-0.9684931127848201	2.1177300075509722e-109	0.7133832169229974	-0.8446201613287463	4.202407741383149e-148
mean_median_count_none	0.9316140010254105	-0.9652015338909333	1.268836188851856e-105	0.43780228355683976	-0.6616662931998575	4.9267827338855286e-24	0.1582881087446737	-0.39785438133150386	3.191081538677715e-08	0.19158658053790117	-0.4377060435245339	1.1098131838000653e-26
mean_median_count_filter0	0.9809142243443202	-0.9904111390449525	5.800042146561619e-155	0.9082154375570216	-0.9530033775160619	3.0428482258253346e-94	0.9147829861724478	-0.9564428818138843	4.0933446966413894e-97	0.6400622907676804	-0.8000389307825466	1.8110965055871664e-121
mean_median_count_prefix0	0.9571391991525668	0.9783349115474551	1.0936783754129969e-123	0.745893947423132	0.8636515196670078	7.678904459763197e-55	0.7944279214876129	0.8913068615732815	4.7783505915042765e-63	0.8451542196455101	0.91932269614402	4.5254710875720706e-220
mean_median_normcount_filter0	0.9810678458472021	-0.9904886904186246	2.8250548139365552e-155	0.979245408017933	-0.9895682937614427	1.008758017371669e-151	0.9860386391135503	-0.9929947830243371	4.761118820061723e-167	0.81224486758641	-0.9012462857545711	1.5049318854993943e-197
mean_median_normcount_prefix0	0.9636425956396587	0.9816529914586206	4.751564002704677e-130	0.8837695968371646	0.9400902067552691	4.131341164188842e-85	0.8859801301311451	0.9412651752461392	7.4707860461191e-86	0.8473943299372568	0.9205402380869925	8.967469036688005e-222
mean_geomean_prob_none	0.6013426100089314	0.7754628359946926	2.1795045148138647e-37	0.38475425734112595	0.6202856256122061	1.6035345637108396e-20	0.6799937250878808	0.8246173203904226	6.574238188003773e-46	0.49571393351403387	0.704069551616908	5.1053059504800727e-82
mean_geomean_prob_filter0	0.657871399737548	0.8110927195688222	2.5624684719343863e-43	0.5566556521559168	0.7460935947693941	2.893279461836459e-33	0.5851105137124315	0.7649251687011165	7.70535880549377e-36	0.45311401290897413	0.6731374398360072	1.590435363939679e-72
mean_geomean_prob_prefix0	0.6027372331707486	0.7763615350922202	1.5937117702365936e-37	0.5749324831112822	0.7582430237801613	6.7189325227871e-35	0.05875887056644698	-0.2424022907615499	0.0010434290044754513	0.27064462193528666	0.5202351602259181	8.884814476892451e-39
mean_geomean_pplx_none	0.9461064947497065	-0.9726800577526541	7.8479301618460655e-115	0.9425897399732027	-0.9708706092848844	2.1821201153897502e-112	0.9655140990715357	-0.9826057699156543	4.302837424666176e-132	0.8336235502375334	-0.9130298736829663	1.1204956422574354e-211
mean_geomean_count_none	0.9543483294946974	-0.9769075337485618	3.0046596974318444e-121	0.556208209416303	-0.7457936775116178	3.166295427536618e-33	0.19870199081989817	-0.44576001482849287	3.5929251281591727e-10	0.20811183200851055	-0.45619275751431054	4.1187658715200353e-29
mean_geomean_count_filter0	0.98559821898753	-0.9927729946908961	7.555739161380103e-166	0.9258714275273822	-0.9622221300341113	1.6648437181185548e-102	0.9188484124308763	-0.9585658101720905	5.26890226117202e-99	0.674613863996188	-0.8213488077523385	2.862697374642461e-133
mean_geomean_count_prefix0	0.9221667714093971	0.960295148071361	1.2799736481145795e-100	0.8056116020073821	0.8975586900071673	3.2669109346662306e-65	0.36971525552872186	0.6080421494672239	1.4026198784863754e-19	0.714135659876434	0.8450654766800227	2.0709559389403643e-148
mean_geomean_normcount_filter0	0.9829224596197206	-0.9914244598655616	2.9219455668303886e-159	0.9776463747860803	-0.9887600188044015	7.4635071500915395e-149	0.9849542477392134	-0.9924486121403029	3.708624874099363e-164	0.8224818730911583	-0.906907863617445	4.215981113825786e-204
mean_geomean_normcount_prefix0	0.9230399580369847	0.960749685421226	4.6872729043176673e-101	0.8501382731713079	0.922029431835724	2.801729614914517e-75	0.503676242716389	0.7097015166366696	7.011142862140907e-29	0.7733220754559162	0.8793873295970986	1.574032550503337e-175
mean_max_prob_none	0.6268791011783889	0.7917569710323925	5.8981502060276705e-40	0.4712442739948934	0.6864723402984955	2.0255021870475196e-26	0.6565569677902776	0.8102820297836288	3.60827715573198e-43	0.5564280479814266	0.7459410485966211	4.969818510320086e-97
mean_max_prob_filter0	0.7690629739852598	0.8769623560822094	1.525264677115824e-58	0.6309689408533516	0.7943355341751693	2.2045297763789828e-40	0.70394878958949	0.8390165609745078	6.353155760682225e-49	0.6556864661786252	0.809744691973109	1.1701159626537834e-126
mean_max_prob_prefix0	0.21027073010511382	0.4585528651149329	9.586435799547858e-11	0.19680826133988147	0.443630771407802	4.4530959872481926e-10	0.38253229883923806	0.6184919553553127	2.2163684832725414e-20	0.210813728437811	0.45914456159014994	1.6320316392118267e-29
mean_max_pplx_none	0.9391321266093215	-0.9690882966011516	3.982391534756629e-110	0.8028364742269388	-0.8960114252770099	1.1555300649047385e-64	0.8670832425139974	-0.9311730464924323	6.387299967121846e-80	0.6463795074014825	-0.8039773052776319	1.5389755145240137e-123
mean_max_count_none	0.9479770565960285	-0.9736411333730866	3.380156452743717e-116	0.8238740790833406	-0.9076750955509029	4.965317662071473e-69	0.48000184586236533	-0.6928216551626871	4.540283405723321e-27	0.23864030307861167	-0.48850824259024705	9.83161040273211e-34
mean_max_count_filter0	0.9750069815991111	-0.9874244181703788	1.5396411358593818e-144	0.933655460255846	-0.9662584852180321	8.541163091638524e-107	0.8905242606044553	-0.9436759298638783	1.996609170760547e-87	0.4466969791653732	-0.6683539325577229	3.693245329798744e-71
mean_max_count_prefix0	0.9837669079596132	0.9918502447242795	3.201441251608155e-161	0.856900870998321	0.925689403092809	4.580838151461538e-77	0.944754511745095	0.9719848310262331	7.124202863113945e-114	0.9028649942538155	0.950192082820003	1.4538895289608866e-274
mean_max_normcount_filter0	0.9696895535069352	-0.984728162239171	4.410075955828388e-137	0.9555798738542773	-0.9775376585350957	2.6331500494349994e-122	0.9773980582551052	-0.9886344411637221	1.9952643638724113e-148	0.8052269281536287	-0.8973443754510465	2.927328409318703e-193
mean_max_normcount_prefix0	0.9802342275409347	0.9900677893664326	1.3083802352434073e-153	0.9416903533311552	0.9704073131067981	8.70789610941122e-112	0.9742656474797543	0.9870489590084953	2.076809083935427e-143	0.9648774373434132	0.9822817504888367	0.0
mean_min_prob_none	0.31672988944747366	0.5627876059824645	1.9927002377539617e-16	0.37428231096692854	0.6117861644128024	7.298874655768883e-20	0.39795266017983727	0.6308348913779558	2.2895711671620392e-21	0.19643301848788652	0.4432076471450899	2.174954197359191e-27
mean_min_prob_filter0	0.30895234961011414	0.5558348222359896	5.522624121487654e-16	0.3224816862866871	0.5678747100256245	9.309135125869128e-17	0.37205245591808817	0.6099610281961366	1.0046518572027554e-19	0.1879883185577636	0.43357619694554683	3.6993621302466923e-26
mean_min_prob_prefix0	0.11113141515010147	-0.33336378800058875	4.810724691770278e-06	0.321962173361184	0.5674171070395957	9.974122573728134e-17	0.41053181324493	-0.6407275655416504	3.4436663342204758e-22	0.0015560184940254982	0.0394464002670142	0.36025280544496197
mean_min_pplx_none	0.9372979311851878	-0.9681414830411864	5.598948505302298e-109	0.9565981759109202	-0.9780583704007242	3.340845237596684e-123	0.9679667135005174	-0.9838529938463965	6.04844031746055e-135	0.812963739714189	-0.9016450186820693	5.360060336050305e-198
mean_min_pplx_filter0	0.9411078890754114	-0.9701071533987425	2.109761410507008e-111	0.9522058059912414	-0.975810333000856	1.7824662616495302e-119	0.9543749764975126	-0.9769211721001406	2.8524714988744533e-121	0.8670570262387772	-0.9311589693703096	6.81066844096805e-238
mean_min_count_none	0.03476744308687072	-0.1864602989562945	0.012203024590139708	0.08061071376244781	-0.2839202595139132	0.00011225934692373457	0.047663174977828286	-0.21831897530409097	0.003237376188857045	0.015110911085683135	0.1229264458352357	0.004225868537487544
mean_min_count_filter0	0.9881978078079391	-0.9940813889254436	1.5252748060795375e-173	0.9179737006488324	-0.9581094408515305	1.3687281772773574e-98	0.9155701172657993	-0.9568542821484363	1.7914828000437445e-97	0.8543781868319318	-0.9243258012367348	3.0081250000885277e-227
mean_min_count_prefix0	0.8877924655819632	0.9422273958986563	1.79316268217372e-86	0.7622353319639624	0.8730608981989529	2.0485072448242496e-57	0.053170705950721216	0.23058774024375453	0.001844551411270479	0.5724116595447005	0.7565789182528816	2.528418545946221e-101
mean_min_normcount_filter0	0.9873565469794	-0.9936581640480795	6.996799531146588e-171	0.9744270185282857	-0.987130699820589	1.186379235438125e-143	0.9780884749649398	-0.9889835564684277	1.2610690632732207e-149	0.819630392262617	-0.9053344090791077	3.0711804454892194e-202
mean_min_normcount_prefix0	0.9063456647173028	0.9520218824781828	1.8331839290692254e-93	0.8421951410214223	0.9177119052411941	2.7904604081679775e-73	0.23137053258996781	0.48100990903511315	8.224368072375859e-12	0.6675955660408616	0.8170652152924279	8.954931622840964e-131
mean_join_prob_none	0.6251181470873836	0.7906441342901265	8.980634471891554e-40	0.47473915124278476	0.6890131720386663	1.1185107519997984e-26	0.6640728191406333	0.8149066321613988	5.00746612101411e-44	0.5592499714579797	0.7478301755465473	8.905421617768017e-98
mean_join_prob_filter0	0.7639421731394044	0.8740378556672499	1.077669196070943e-57	0.633150759113188	0.7957077095976813	1.2983091437488036e-40	0.6987584441276394	0.8359177256929293	2.994656271683042e-48	0.6513151788138809	0.8070410019409676	3.495508618452949e-125
mean_join_prob_prefix0	0.01143141611716265	0.10691780074974723	0.1531314375514063	0.14011875859747114	0.3743244028880179	2.2603099456246595e-07	0.062154903820993625	0.24930885227162236	0.0007382152964093019	0.1280686415128121	0.3578667929730448	9.269367998649271e-18
mean_join_pplx_none	0.9512943250023405	-0.9753431831936595	9.581215730218576e-119	0.9048635828581	-0.9512431775619208	7.420611627338854e-93	0.9403628362114447	-0.9697230719187023	6.4614622973765895e-111	0.771244072879078	-0.8782050289534205	1.8351713450259509e-174
mean_join_count_none	0.9593161929253166	-0.9794468811147017	1.0557427789106985e-125	0.6542008072520742	-0.8088268091823331	6.642508523310314e-43	0.23916485998085246	-0.489044844549917	3.2678734408919485e-12	0.2189120131522916	-0.4678803406345383	9.992571446576321e-31
mean_join_count_filter0	0.9847060221174566	-0.9923235470941202	1.591292737293501e-163	0.9316876803294774	-0.965239700970426	1.1527154634717319e-105	0.9163890843148081	-0.9572821341249445	7.520824929470315e-98	0.6106290483876444	-0.7814275707880062	2.8231997749487922e-112
mean_join_count_prefix0	0.9768689510798979	0.9883668099849863	1.5650526276155455e-147	0.8566719663081399	0.9255657547187773	5.2817979713355294e-77	0.9075670891323007	0.952663156174469	5.695153101942534e-94	0.9083882166008013	0.9530940229593308	2.099133747053614e-281
mean_join_normcount_filter0	0.9828182742012307	-0.9913719151767568	5.020940617440314e-159	0.9778374063874591	-0.9888566156867532	3.4766742243836756e-149	0.9859648784909888	-0.9929576418412766	7.610177414439297e-167	0.8178495880362859	-0.9043503679638141	4.320598467016985e-201
mean_join_normcount_prefix0	0.975516839612453	0.9876825601439224	2.4583724975339254e-145	0.9329008047655533	0.9658679023373503	2.3381357088430196e-106	0.9601941001096929	0.9798949434044921	1.5141306470144293e-126	0.9389321516977919	0.9689851142808087	0.0
median_sum_prob_none	0.4875373545497889	0.6982387518247529	1.2290022084548182e-27	0.3887284434572446	0.6234809086549841	8.962396616176144e-21	0.47021025665898275	0.6857187883228684	2.4127479911170248e-26	0.34338190937854784	0.5859879771621154	4.2081271055461787e-51
median_sum_prob_filter0	0.5264813831442482	0.7255903686958973	1.0429965796406905e-30	0.41325685170709836	0.6428505671671282	2.272600448742537e-22	0.48765956707128844	0.698326261192638	1.2030412883249672e-27	0.34952107598019566	0.5912030750767419	3.333228495761107e-52
median_sum_prob_prefix0	0.004768263426209971	0.06905261346400997	0.3570066783866369	0.04792125259891706	0.2189092336995337	0.0031530452608179217	0.06921736496526992	0.2630919325355111	0.00035940355767933294	0.11366971641671914	0.3371493977700674	8.04781152257152e-16
median_sum_pplx_none	0.9585411356173662	-0.9790511404504701	5.664468984157178e-125	0.9360371798142844	-0.967490144556669	3.2950771412135673e-108	0.9657127979940499	-0.9827068728741292	2.572542683128108e-132	0.8359278911365916	-0.9142909225933459	2.6269723253063956e-213
median_sum_pplx_filter0	0.9207913881836391	-0.9595787555920771	6.089420318991857e-100	0.9068280423713793	-0.9522751925632523	1.157429919844968e-93	0.8988795310192428	-0.9480925751313755	1.6969773011021058e-90	0.6619950661505987	-0.8136307922827151	8.050219900990674e-129
median_sum_count_none	0.6204342159603157	-0.7876764665522994	2.721800805916208e-39	0.45479919688234793	-0.6743880165619404	3.146960691730169e-25	0.2643432774690906	-0.5141432460599775	1.5583095685623817e-13	0.19986127204096477	-0.4470584660209051	6.827846766987707e-28
median_sum_count_filter0	0.9757568466460653	-0.9878040527584736	1.0228690642215595e-145	0.9000170213936408	-0.9486922690702401	6.196513608681989e-91	0.9194686116797915	-0.9588892593411356	2.6609832943427683e-99	0.6446989748573497	-0.8029314882711661	5.5166369263895604e-123
median_sum_count_prefix0	0.8415924587343208	0.9173834851000539	3.918926662905138e-73	0.7923073023220226	0.8901164543597779	1.1927029399850093e-62	0.7698642770863643	0.8774191000236798	1.1188555906736074e-58	0.8086889749653028	0.8992713578032511	2.3459887956941134e-195
median_sum_normcount_filter0	0.9835051026833497	-0.9917182577140292	1.3298638740453751e-160	0.9719694632729856	-0.9858851166707943	4.1823469130849353e-140	0.979580203177549	-0.9897374415356575	2.3720612026735073e-152	0.8124451623509944	-0.9013573998980617	1.1291961372459247e-197
median_sum_normcount_prefix0	0.9643999647252897	0.9820386778153342	7.29441731061739e-131	0.8989875305808818	0.9481495296528295	1.5429311164955316e-90	0.8994919236409071	0.9484154804941277	9.879564741490557e-91	0.8644979409095536	0.9297838140716118	1.1515554813102754e-235
median_mean_prob_none	0.4875333127242675	0.6982358575182654	1.2298701893974983e-27	0.38872844345724444	0.623480908654984	8.962396616176436e-21	0.47021025665898275	0.6857187883228684	2.4127479911170248e-26	0.3433786346081972	0.5859851829254705	4.2137963477254644e-51
median_mean_prob_filter0	0.5264799170691314	0.7255893584315659	1.0432854449741036e-30	0.4132568517070987	0.6428505671671284	2.2726004487424596e-22	0.48765956707128844	0.698326261192638	1.2030412883249672e-27	0.34952002087267414	0.5912021827367302	3.334688182655001e-52
median_mean_prob_prefix0	0.004482002280344381	0.06694775784404121	0.37188758016874823	0.04792125259891698	0.21890923369953352	0.0031530452608179217	0.06921736496526999	0.2630919325355112	0.00035940355767933294	0.11350275865493303	0.3369017047373507	8.472108421471228e-16
median_mean_pplx_none	0.9583642682966872	-0.9789608103988061	8.274503651680477e-125	0.9360371798142844	-0.967490144556669	3.2950771412135673e-108	0.9657127979940503	-0.9827068728741294	2.572542683125142e-132	0.8357900596572917	-0.9142155433251459	3.2929936624668095e-213
median_mean_pplx_filter0	0.9204814457634983	-0.9594172427903818	8.621815006179192e-100	0.9068280423713793	-0.9522751925632523	1.157429919844968e-93	0.8988795310192426	-0.9480925751313753	1.6969773011024374e-90	0.6621688654990249	-0.8137375900737441	7.00914505472093e-129
median_mean_count_none	0.6209858457729427	-0.7880265514390633	2.390297423505983e-39	0.45479919688234793	-0.6743880165619404	3.146960691730169e-25	0.2643432774690906	-0.5141432460599775	1.5583095685623817e-13	0.19966665465951378	-0.44684074865606627	7.292953143012809e-28
median_mean_count_filter0	0.9759984635039668	-0.987926345181647	4.193833572618545e-146	0.900017021393641	-0.9486922690702402	6.196513608680764e-91	0.9194686116797915	-0.9588892593411356	2.6609832943427683e-99	0.6437821143651992	-0.8023603394767211	1.104238465637827e-122
median_mean_count_prefix0	0.8407427460908002	0.9169202506711258	6.311949524176676e-73	0.7923073023220228	0.890116454359778	1.1927029399849097e-62	0.7698642770863645	0.87741910002368	1.1188555906735233e-58	0.8092036510445935	0.8995574751201801	1.136252570901407e-195
median_mean_normcount_filter0	0.9834963032501167	-0.9917138212458858	1.3945149414374256e-160	0.9719694632729856	-0.9858851166707943	4.1823469130849353e-140	0.9795802031775492	-0.9897374415356576	2.372061202671283e-152	0.8119678898015626	-0.9010926088929831	2.2377162210064623e-197
median_mean_normcount_prefix0	0.9641807207510722	0.9819270445155649	1.259941257536755e-130	0.8989875305808814	0.9481495296528293	1.5429311164960978e-90	0.8994919236409074	0.9484154804941278	9.879564741488612e-91	0.864767836242114	0.9299289415015074	6.73427503093386e-236
median_median_prob_none	0.4383354764600324	0.6620690873768631	4.525120262457366e-24	0.23001362347280585	0.4795973555731994	9.649353501122263e-12	0.3089358195899356	0.5558199524935531	5.534536658109737e-16	0.2663951024546591	0.5161347716000726	4.273014772919648e-38
median_median_prob_filter0	0.5000970857745543	0.7071754278639454	1.3336375549565272e-28	0.2559705047985865	0.5059352772821702	4.3330666179837125e-13	0.3225737029841594	0.5679557227321153	9.196011861573781e-17	0.312253635776813	0.5587965960676684	1.136457421520973e-45
median_median_prob_prefix0	0.495620842902947	-0.7040034395533498	2.961474460007358e-28	0.1205920350194952	0.3472636390690727	1.7877153007198885e-06	0.004656303660536132	0.06823711351263426	0.36272739898638817	0.015817740153991892	0.12576859764659815	0.003417455195624244
median_median_pplx_none	0.9557303442018892	-0.9776146194702129	1.9466490199733516e-122	0.9399259890995803	-0.9694978025243689	1.2374543314445338e-110	0.9745805698558401	-0.9872084733509129	6.940734477376127e-144	0.8233941422359384	-0.9074106800318907	1.0537655199828378e-204
median_median_pplx_filter0	0.943893699435149	-0.97154191851672	2.821958840977295e-113	0.9360210713997925	-0.9674818196740405	3.3697853398260423e-108	0.9444477435962814	-0.9718270132056843	1.1663823954602173e-113	0.8308438052439562	-0.9115063385648814	9.679898395559597e-210
median_median_pplx_prefix0	0.10230414408886065	-0.3198501900716344	1.203911348519891e-05	0.4101386263857595	-0.6404206636155328	3.6559218286454755e-22	0.3615507462870849	-0.6012908998871386	4.457810279586747e-19	0.2778821348198418	-0.5271452691809363	5.9969081260519184e-40
median_median_count_filter0	0.7102487344130558	-0.8427625611125923	9.325914100941736e-50	0.8322029357811422	-0.9122515748307274	6.6271714536654766e-71	0.694572256319298	-0.833410016930021	1.0257978830984523e-47	0.5732362430168657	-0.7571236642827021	1.50324265127902e-101
median_median_normcount_filter0	0.9378831995436864	-0.9684436997284284	2.4293718196333436e-109	0.9519381372090002	-0.9756731713073801	2.9305378780631396e-119	0.9659460725147119	-0.9828255554851593	1.4010061905564201e-132	0.7813898025551942	-0.8839625572133665	9.141775767499617e-180
median_median_normcount_prefix0	0.8430147572888544	0.9181583508790052	1.75464843731518e-73	0.8035657154262725	0.8964182703550126	8.305395568297806e-65	0.706739034230658	0.8406777231678367	2.729758359080044e-49	0.4800838633729448	0.6928808435603807	1.9093200621950293e-78
median_geomean_prob_none	0.42630194372581526	0.6529180222093852	3.0261677391964694e-23	0.24548235030421872	0.4954617546332095	1.5365983458996174e-12	0.3188994994043158	0.5647118729089338	1.4965102449573737e-16	0.260573095072545	0.5104636079805739	3.622022668163345e-37
median_geomean_prob_filter0	0.4935970649033187	0.7025646339685188	4.237946018043122e-28	0.2340964511025034	0.48383514868444955	5.96140246919587e-12	0.38132777841115706	0.6175174316658252	2.640187447202933e-20	0.3058835112615923	0.553067365934379	1.3710962124317563e-44
median_geomean_pplx_none	0.9561919854413217	-0.977850696906906	7.656052070931312e-123	0.9486918933165129	-0.9740081587525399	9.86234387137123e-117	0.9730983498275197	-0.9864574749210022	1.0772066134122223e-141	0.8267282269050046	-0.9092459661197319	6.241382464286926e-207
median_geomean_pplx_filter0	0.9405172688503036	-0.969802695835758	5.129492918141261e-111	0.9501143430368134	-0.9747380894562464	8.07128187533731e-118	0.9254128896906791	-0.9619838302646667	2.8829337325723914e-102	0.8229189430740156	-0.9071487987502467	2.1716611225755877e-204
median_geomean_count_none	0.8907417641739553	-0.943791165551975	1.6725191332902094e-87	0.35327020551747174	-0.5943653804836481	1.419353890606257e-18	0.16650379039489327	-0.40804875982521166	1.30163158610981e-08	0.18698258632076192	-0.43241483129139074	5.17459153335176e-26
median_geomean_count_filter0	0.9841184478104386	-0.9920274430732441	4.56068091385651e-162	0.9110347670978202	-0.9544814126518233	1.8911492693612884e-95	0.9266613930121769	-0.9626325326998755	6.413206990404516e-103	0.7048905703859221	-0.8395776142715586	1.08993482307115e-144
median_geomean_normcount_filter0	0.9826608058816568	-0.9912924925982527	1.130963513248578e-158	0.9716462204528926	-0.9857211677005281	1.160568909796765e-139	0.9791776258675365	-0.9895340448249047	1.348434695743839e-151	0.8124707888251578	-0.9013716152759403	1.0884265132475391e-197
median_max_prob_none	0.48792197172389395	0.6985141170541179	1.1491184292462876e-27	0.3939981868689727	0.6276927487783913	4.120181691987689e-21	0.4621696143148549	0.6798305776550911	9.298008052999508e-26	0.3437684541367342	0.586317707507401	3.589657389173712e-51
median_max_prob_filter0	0.521975729720477	0.7224788783905568	2.4330875356139317e-30	0.41361207279950646	0.6431267937191751	2.1524534338858245e-22	0.4803607822222807	0.693080646261516	4.268102361513083e-27	0.3467659503058912	0.5888683641578066	1.0431284761564477e-51
median_max_prob_prefix0	0.34525695268611256	0.5875856981633509	4.294339212763664e-18	0.09891778755699715	0.3145119831691587	1.7091386741451787e-05	0.2398798297712444	0.489775284973879	3.001273463913134e-12	0.20874196721832133	0.4568828812927021	3.3198820706525945e-29
median_max_pplx_none	0.9555597603189432	-0.9775273706239346	2.741435128402293e-122	0.9006388011022773	-0.9490199160725118	3.555299953066755e-91	0.9413399822857319	-0.9702267684854566	1.4844019466069367e-111	0.7977442372995064	-0.8931652911412906	7.456841361100831e-189
median_max_pplx_filter0	0.8993047052319488	-0.9483167747287553	1.1660407481683852e-90	0.8783137170260219	-0.9371839291334556	2.4573458339530766e-83	0.8523609269314996	-0.92323395027019	7.401299568623217e-76	0.5017781307786996	-0.7083629936541713	1.9589617912127824e-83
median_max_count_none	0.659652165630436	-0.8121897349945	1.6083207895593265e-43	0.6457407330386449	-0.803579948131264	5.746001185187512e-42	0.5880508237869748	-0.7668447194751847	4.081522892901725e-36	0.27372663431140215	-0.523188908819178	2.828211306125173e-39
median_max_count_filter0	0.884250000399863	-0.9403456813320636	2.85684143023596e-85	0.8254464636907364	-0.9085408431604692	2.2331448864047277e-69	0.8523034159536325	-0.9232028032635259	7.662597321799629e-76	0.5038388180569205	-0.7098160452236344	6.411233908609459e-84
median_max_count_prefix0	0.6779060885389817	0.8233505259237901	1.1744653478409837e-45	0.5182272367642894	0.7198800155333452	4.893330458302516e-30	0.6713208734418687	0.8193417317834292	7.148264595593238e-45	0.6307971132448904	0.7942273687332176	1.699188244579124e-118
median_max_normcount_filter0	0.9428049208568038	-0.9709814214787036	1.562011193518472e-112	0.9331255726100317	-0.9659842507049645	1.7342995413806195e-106	0.9501530770810159	-0.9747579582034793	7.532000635264141e-118	0.802206689116	-0.8956599182256623	1.8404599179651017e-191
median_max_normcount_prefix0	0.9013653960921229	0.949402652246202	1.8493289463229015e-91	0.8187381436067782	0.904841501925491	6.431121706971713e-68	0.891968793703873	0.9444409953532688	6.116945397295676e-88	0.8590267501171597	0.9268369598355256	4.863930283926045e-231
median_min_prob_none	0.3683424048816531	0.6069121887733456	1.7053874543489378e-19	0.1483815073501909	0.38520320267384967	9.318500503955251e-08	0.20464551672173595	0.4523776262391145	1.8264224128995219e-10	0.2064306242127774	0.4543463703087958	7.315758214207693e-29
median_min_prob_filter0	0.4380622641528509	0.6618627230422113	4.7267142192329475e-24	0.180828144304058	0.4252389261392447	2.6763460775615705e-09	0.22262008151570747	0.47182632558570475	2.2942877170284287e-11	0.2508569704500788	0.5008562373077516	1.2364607130242408e-35
median_min_pplx_none	0.93932693311543	-0.9691888015837936	2.993611133575864e-110	0.9522261216831913	-0.9758207425973232	1.716261667364451e-119	0.966805761375152	-0.9832628139898061	1.438629712088894e-133	0.7775936060049725	-0.8818126819256868	9.40494635301959e-178
median_min_pplx_filter0	0.9477246480614012	-0.9735115038156463	5.200869341158615e-116	0.9604429382275274	-0.9800219070140868	8.664096280802658e-127	0.9537514749281438	-0.9766020043641851	9.549871256538794e-121	0.8892239177496937	-0.9429867007279019	3.2939413261422583e-259
median_min_pplx_prefix0	0.4068909865093401	-0.637880072199579	5.982798917100176e-22	0.25031815481077024	-0.5003180536526443	8.589653282070087e-13	0.3499453325426613	-0.5915617740715345	2.2505378090798756e-18	0.2809369371136224	-0.5300348451881465	1.906890026105197e-40
median_min_count_filter0	0.7863827721576616	-0.8867822574666577	1.4631153788564851e-61	0.6946494493433514	-0.8334563271961833	1.002923836505716e-47	0.8035731263621716	-0.8964224039827271	8.277516888953523e-65	0.7583736981043289	-0.8708465410761697	4.591359621790587e-168
median_min_normcount_filter0	0.9677720270722917	-0.9837540480589098	1.0372641783264921e-134	0.93180022767171	-0.9652979994135024	9.953196758397481e-106	0.9305470321483235	-0.9646486573609707	5.035620705408691e-105	0.7971871847855933	-0.8928533949006372	1.5632319848387705e-188
median_join_prob_none	0.4474059831062387	0.6688841327959864	1.051932647626591e-24	0.2734922800825237	0.5229648937381205	5.0331209297488745e-14	0.38999562119377706	0.6244962939792174	7.439210738518681e-21	0.26113581150410226	0.5110144924599519	2.9481487804060584e-37
median_join_prob_filter0	0.48919910076202455	0.6994276951637135	9.189464430068162e-28	0.359049350339284	0.5992072682630644	6.334689207243356e-19	0.35057365389520595	0.5920926058440571	2.0631487240006194e-18	0.2957681130256823	0.5438456702279446	6.83119230825226e-43
median_join_prob_prefix0	0.4639857515845261	-0.681164995859686	6.867790837839412e-26	0.41875237882127575	0.6471107933123011	9.772365296948173e-23	0.1531294784562024	0.3913176183820534	5.5827554718567026e-08	0.0683232499397595	0.2613871648336228	6.935324695020512e-10
median_join_pplx_none	0.9535355704291449	-0.9764914594757831	1.4456675507402628e-120	0.9468460664274462	-0.9730601556057293	2.2934881313143146e-115	0.9715551550291078	-0.9856749743343938	1.5439512690672814e-139	0.8323669416306154	-0.9123414610937154	8.487479132190614e-211
median_join_pplx_filter0	0.9531616562313707	-0.976299982705813	2.9508999438541918e-120	0.9562866288314369	-0.9778990892885814	6.315221407871333e-123	0.9514549233903073	-0.975425508888458	7.140439664443163e-119	0.8397282822289236	-0.916366892804909	4.7932294180135874e-216
median_join_count_filter0	0.7139903311229693	-0.8449794856225619	2.9254746544381087e-50	0.8450974956734604	-0.9192918446681991	5.338590784124513e-74	0.6893648807548092	-0.8302800014180813	4.635688471836151e-47	0.5769066882253462	-0.7595437368745438	1.4673494396393638e-102
median_join_normcount_filter0	0.9406215966409555	-0.9698564824967432	4.387310122194911e-111	0.9585818211959768	-0.9790719182960855	5.190392451375573e-125	0.9732164671158874	-0.9865173425317405	7.280961371852649e-142	0.7938677584637357	-0.8909925692528169	1.2345779773103645e-186
median_join_normcount_prefix0	0.8548940962747957	0.9246048324959132	1.583899743032169e-76	0.6606813775869681	0.8128230911994123	1.2273781297499616e-43	0.5135273387867474	0.716608218475582	1.166225908064502e-29	0.45399722835946205	0.6737931643757319	1.0286615427284263e-72
geomean_sum_prob_none	0.4960237039583588	0.704289502944889	2.757087321533448e-28	0.3873659514049745	0.6223873001636316	1.0945195280016549e-20	0.48115050779336455	0.6936501335640068	3.7247700756725824e-27	0.3183771550036661	0.564249195837855	1.0151822620434675e-46
geomean_sum_prob_filter0	0.550384970604797	0.741879350436981	1.0154777354868307e-32	0.4494984576168491	0.6704464614097453	7.4878858777909665e-25	0.47706813800618086	0.6907011929960603	7.513426843908485e-27	0.3494364274975538	0.5911314807194368	3.4523825139042785e-52
geomean_sum_pplx_none	0.9570009806949707	-0.9782642693541305	1.4566880869550095e-123	0.9413431939215343	-0.9702284235794859	1.4771837341378785e-111	0.9637390127874454	-0.981702099818191	3.751251246913006e-130	0.8266970655654539	-0.9092288301442348	6.550840111129706e-207
geomean_sum_count_none	0.9533583252238087	-0.9764006991106718	2.0289539650401816e-120	0.5865296669854319	-0.7658522487957007	5.673327861226353e-36	0.23116183793865192	-0.4807929262568782	8.42913633816765e-12	0.21223074568295308	-0.4606850829828909	1.0031026020651263e-29
geomean_sum_count_filter0	0.9830632600442812	-0.991495466476918	1.3984332529409555e-159	0.9278329507967594	-0.9632408581433615	1.5288473157296194e-103	0.9153678499615643	-0.9567485824194172	2.2169085046670718e-97	0.6395938184833891	-0.799746096260175	2.570710413578096e-121
geomean_sum_normcount_none	0.013998897918912834	-0.11831693842773669	0.1136744736637593	0.0001905344077927789	-0.01380342014838275	0.8540833616362122	0.00022735859730957305	-0.015078414946856087	0.8407765893365361	0.03934718800682887	0.1983612563149086	3.3998939758428576e-06
geomean_sum_normcount_filter0	0.9810464516532356	-0.9904778905423561	3.123817481774044e-155	0.9766072052348811	-0.9882343878022466	4.26098696744367e-147	0.9846062351089747	-0.992273266348023	2.838851543551001e-163	0.8212837717365016	-0.9062470809533687	2.576552742563079e-203
geomean_mean_prob_none	0.4959991595490734	0.7042720777860453	2.7691304000140204e-28	0.38736595140497476	0.6223873001636319	1.0945195280016192e-20	0.48115050779336455	0.6936501335640068	3.7247700756725824e-27	0.31837622082407985	0.5642483680296114	1.0155580715701702e-46
geomean_mean_prob_filter0	0.5503627254835083	0.7418643578738018	1.019979200924272e-32	0.4494984576168491	0.6704464614097453	7.4878858777909665e-25	0.4770681380061807	0.6907011929960601	7.513426843908772e-27	0.34943893316779134	0.5911336001005114	3.448795235079747e-52
geomean_mean_pplx_none	0.956951931150905	-0.9782391993530545	1.6122913399024312e-123	0.9413431939215341	-0.9702284235794858	1.4771837341383608e-111	0.9637390127874457	-0.9817020998181911	3.751251246911024e-130	0.8265545827585757	-0.9091504731113413	8.172291757325128e-207
geomean_mean_count_none	0.9544420836895123	-0.9769555177639934	2.502148537730964e-121	0.586529666985432	-0.7658522487957008	5.673327861226081e-36	0.23116183793865283	-0.48079292625687914	8.429136338166769e-12	0.21213241621938056	-0.46057834970760464	1.0375893785917476e-29
geomean_mean_count_filter0	0.9831635333572399	-0.9915460318902194	8.243294906223129e-160	0.9278329507967594	-0.9632408581433615	1.5288473157296194e-103	0.9153678499615638	-0.956748582419417	2.2169085046680428e-97	0.6390885090448427	-0.7994301151725789	3.7489055632044317e-121
geomean_mean_normcount_filter0	0.9811600352821758	-0.9905352266740319	1.829495877212524e-155	0.9766072052348809	-0.9882343878022465	4.26098696744727e-147	0.9846062351089747	-0.992273266348023	2.838851543551001e-163	0.8204058131803722	-0.9057625589415651	9.633384172708188e-203
geomean_median_prob_none	0.45381072924093474	0.6736547552277314	3.701407607820318e-25	0.27206607337125305	0.5215995335228484	6.008046154163224e-14	0.3393501692705075	0.5825376977247975	9.630888495438102e-18	0.26434194772972885	0.5141419528979607	9.096953715054809e-38
geomean_median_prob_filter0	0.4908468512070232	0.7006046325903242	6.881603026757155e-28	0.3004259711784934	0.5481112762737995	1.6672450064489735e-15	0.3347445540443686	0.5785711313610182	1.7991340868139534e-17	0.29335296953325213	0.5416206878741359	1.7227346644623407e-42
geomean_median_pplx_none	0.9549735802677322	-0.9772274966801395	8.802594846803133e-122	0.9447390042756334	-0.9719768537756613	7.30445798295212e-114	0.9726078847203024	-0.9862088443733925	5.379712610977037e-141	0.8306863837833074	-0.9114199821066616	1.243317368595341e-209
geomean_median_pplx_filter0	0.9467187778815844	-0.9729947470986595	2.8377604955665795e-115	0.9489294922886075	-0.9741301208199075	6.52407550103859e-117	0.9609609993695186	-0.9802861823822259	2.679494070425435e-127	0.813713035759834	-0.9020604390836758	1.8197459138615445e-198
geomean_median_count_none	0.9206352324119177	-0.9594973853074941	7.256683766408139e-100	0.32152226727188327	-0.5670293354597126	1.0573798681628035e-16	0.16129515958111498	-0.4016156864231214	2.300210492934863e-08	0.18231148247286838	-0.4269794871804363	2.4465242888786293e-25
geomean_median_count_filter0	0.9792521534081126	-0.9895717020045149	9.799890782899522e-152	0.9088618519247142	-0.9533424630869614	1.6216133236931157e-94	0.9081182457722401	-0.9529523837906279	3.343573568279585e-94	0.6796879050115293	-0.8244318680227792	4.159508873451975e-135
geomean_median_normcount_filter0	0.9790558874908387	-0.9894725299324073	2.2655799561273884e-151	0.9784120849635956	-0.9891471503085856	3.353963164835109e-150	0.984299014550232	-0.9921184478429136	1.6482124362630717e-162	0.8148712184112489	-0.9027021759203026	3.39711877287947e-199
geomean_geomean_prob_none	0.4411298988277827	0.6641761052821629	2.89400619653913e-24	0.2550650127618926	0.5050396150421198	4.836658015028484e-13	0.3488232061573578	0.5906125685738137	2.628007792354402e-18	0.2551862830924824	0.505159660990941	2.57883812151799e-36
geomean_geomean_prob_filter0	0.015572129118424028	0.12478833726924976	0.09510192145631857	0.12646803862075173	0.35562345060576606	9.629912185660664e-07	0.1601132834554247	0.4001415792634211	2.6163536100917993e-08	0.06071720323098392	0.24640861030204264	6.535150853537638e-09
geomean_geomean_pplx_none	0.9538671787187837	-0.9766612405121766	7.641011722046079e-121	0.9494347784044204	-0.9743894387791877	2.6920278303235717e-117	0.9700953484511258	-0.9849341848322282	1.3285777289161846e-137	0.8307271673916309	-0.9114423554957444	1.1652727534360711e-209
geomean_geomean_count_none	0.9490479745547994	-0.9741909333158462	5.30537238707715e-117	0.4861012244605191	-0.6972095986577631	1.5788717502794275e-27	0.1923869599412158	-0.4386193793498137	7.337121652679028e-10	0.19546725384713853	-0.44211678756538814	3.0117754667539817e-27
geomean_geomean_count_filter0	0.5090685026216314	-0.7134903661729648	2.6381226874080685e-29	0.429164510238202	-0.655106487708832	1.9325533222475946e-23	0.4115476266407838	-0.6415197788383331	2.9500725984464693e-22	0.4896751049712311	-0.6997678936413353	1.2628041370138825e-80
geomean_geomean_normcount_filter0	0.5043176675685	-0.7101532704765219	6.245020080669207e-29	0.4069733511453404	-0.6379446301563643	5.90872301084005e-22	0.41019588126922574	-0.6404653630519185	3.624227255338929e-22	0.4778939477871655	-0.6912987398998826	5.927953479229603e-78
geomean_max_prob_none	0.49742731006514207	0.7052852685723289	2.148083870589691e-28	0.389746683414915	0.6242969513099635	7.716709522161224e-21	0.48367985263568203	0.6954709574350909	2.4049142223213537e-27	0.31979798269081977	0.565506836997414	5.778490334678842e-47
geomean_max_prob_filter0	0.5519105306305556	0.7429068115386718	7.49393399642645e-33	0.45090480507655256	0.6714944564749232	5.954252879603225e-25	0.4797779497576632	0.6926600535310689	4.71868440729036e-27	0.3506741668431173	0.5921774791758948	2.0648088273807492e-52
geomean_max_pplx_none	0.9553124874951019	-0.9774008837192147	4.4926714633958417e-122	0.9331363961072261	-0.9659898530042778	1.7094851348054115e-106	0.9475081345311402	-0.9734002951156016	7.514216324419153e-116	0.8012493821353671	-0.8951253443710367	6.749119450726501e-191
geomean_max_count_none	0.9485447040756019	-0.973932597295933	1.2727337199217755e-116	0.7784112901246341	-0.8822761983214973	3.833278222585225e-60	0.47633675787905017	-0.6901715423567174	8.515015691346875e-27	0.23719132431336976	-0.48702291970026396	1.6445660054728405e-33
geomean_max_count_filter0	0.975481173519996	-0.9876645045358247	2.7984758424537916e-145	0.9320073665690711	-0.9654052861721191	7.591722457303371e-106	0.8986210110550802	-0.947956228448909	2.1302378314871732e-90	0.47787306879141417	-0.6912836384519846	5.992195064691362e-78
geomean_max_normcount_filter0	0.9696041611997276	-0.9846848029698273	5.665067175326744e-137	0.9567685166887991	-0.9781454476144124	2.3540727845865097e-123	0.9775064796176002	-0.9886892735422996	1.3005172109083379e-148	0.8095823474840204	-0.8997679409069987	6.656811811156427e-196
geomean_min_prob_none	0.34014471660599926	0.583219269748522	8.642915600846613e-18	0.12517951602427269	0.35380717350595464	1.1031945325477116e-06	0.21957636390442137	0.4685897607763334	3.2699519312693925e-11	0.1910714774018084	0.43711723530628305	1.318980359229913e-26
geomean_min_prob_filter0	0.013649145295229929	0.11682955659947498	0.11831944689008322	0.07513135279842872	0.27410099014492584	0.0001965595624709359	0.12740971065860804	0.3569449686696929	8.718496745810031e-07	0.04911460883678077	0.22161815998870843	1.9626509068013646e-07
geomean_min_pplx_none	0.9420091900107443	-0.9705715790248262	5.344544320972352e-112	0.9594561984016781	-0.9795183502118161	7.767536035491462e-126	0.9710698329244106	-0.985428755884671	6.960762784242779e-139	0.7913349492490931	-0.8895700923755773	3.303151878271102e-185
geomean_min_pplx_filter0	0.952956855167838	-0.9761950907312729	4.351503148972052e-120	0.963471604376311	-0.9815658940572003	7.214934935191531e-130	0.9667097286987548	-0.9832139791005592	1.8605090028582562e-133	0.8916267717884226	-0.9442599069050971	9.019420444461416e-262
geomean_min_count_none	0.005180461005316331	-0.0719754194521736	0.33696960032858014	0.050038254190563146	-0.22369232036563783	0.0025395843654546675	0.05228072740249546	-0.22864979204559854	0.0020198972851858386	0.025217401358948288	0.15879987833417344	0.0002112565353319279
geomean_min_count_filter0	0.5382705421229597	-0.7336692320950632	1.0941297121079583e-31	0.46298706014496954	-0.6804315249494026	8.113778077048312e-26	0.4698993710390401	-0.6854920648986683	2.5428873077081828e-26	0.5282324725333645	-0.7267960322768449	8.073524305672874e-90
geomean_min_normcount_filter0	0.5378877312132146	-0.7334082977531783	1.1782913757263356e-31	0.4793095967449311	-0.6923218881018649	5.1145914865291514e-27	0.48844812674673066	-0.6988906400480197	1.0480952673809958e-27	0.5289136693327905	-0.7272645112562488	5.4698640637793075e-90
geomean_join_prob_none	0.4411754940842762	0.664210429069189	2.872923104863342e-24	0.2550650127618927	0.5050396150421199	4.836658015028418e-13	0.34882320615735807	0.590612568573814	2.628007792354281e-18	0.25523760103058507	0.5052104522182662	2.5312291158575145e-36
geomean_join_prob_filter0	0.015568379232955433	0.12477331138090161	0.09514206690597925	0.1264680386207519	0.3556234506057663	9.629912185660436e-07	0.16011328345542453	0.40014157926342087	2.6163536100918622e-08	0.06070411450380863	0.2463820498814973	6.560362558472916e-09
geomean_join_pplx_none	0.9538763121207288	-0.9766659163300052	7.507505641417589e-121	0.9494347784044206	-0.9743894387791878	2.692027830322552e-117	0.9700953484511253	-0.9849341848322279	1.3285777289179132e-137	0.8307831078143847	-0.9114730428347207	1.0661022314282263e-209
geomean_join_count_none	0.9493695541043908	-0.9743559688863156	3.0193941818947805e-117	0.4861012244605186	-0.6972095986577628	1.5788717502795798e-27	0.19238695994121666	-0.4386193793498147	7.337121652678293e-10	0.19541065315345374	-0.4420527719101575	3.069749648936254e-27
geomean_join_count_filter0	0.509053506345606	-0.7134798570006066	2.6453425903542796e-29	0.429164510238202	-0.655106487708832	1.9325533222475946e-23	0.4115476266407838	-0.6415197788383331	2.9500725984464693e-22	0.4896697816110319	-0.6997640899696354	1.2663593852174853e-80
geomean_join_normcount_filter0	0.5043097209718127	-0.710147675467443	6.253985073972233e-29	0.4069733511453404	-0.6379446301563643	5.90872301084005e-22	0.41019588126922574	-0.6404653630519185	3.624227255338929e-22	0.4778917867276591	-0.6912971768549754	5.934570777769428e-78
max_sum_prob_none	0.45480703704276443	0.6743938293332498	3.142909158346466e-25	0.30505184231523275	0.5523149846919172	9.169866489668734e-16	0.44344583226170653	0.6659172863514706	1.994730228955292e-24	0.3907432889505191	0.6250946239974545	7.086679129964262e-60
max_sum_prob_filter0	0.6626787267558646	0.8140508133746103	7.246710947556381e-44	0.4093954332113891	0.6398401622369364	4.093072925529254e-22	0.48888365968090997	0.6992021593794673	9.711563879220498e-28	0.5479862135096873	0.7402609090784731	7.981850909314432e-95
max_sum_prob_prefix0	3.5387817837924734e-05	-0.005948766076920888	0.9368292025443641	0.005102528218286064	0.07143198316080875	0.3406397806019361	0.014214660739158523	-0.11922525210356455	0.11090869523941874	0.012728572016454392	0.11282097330042137	0.008689618778974301
max_sum_pplx_none	0.20292883617404842	-0.4504762326405783	2.2216539767764222e-10	0.040802700882483146	-0.20199678433698678	0.0065424197146837695	0.286153678159478	-0.534933339921413	1.0299482138849809e-14	0.07827939760198553	-0.2797845556888113	3.611853236229951e-11
max_sum_count_none	0.09987478856371092	-0.31602972734176593	1.5481186605821923e-05	0.6037622777805657	-0.7770214139781256	1.2652767002796732e-37	0.0018247518257780856	-0.042717113968269035	0.5690999772012074	0.20555782632932482	-0.4533848545433833	9.853298473486588e-29
max_sum_count_filter0	0.22742702674131599	-0.4768930978126188	1.3075859416494268e-11	0.6422320080297816	-0.8013937908605118	1.3850715072425757e-41	0.16426166437267758	-0.40529207292109426	1.663768855949867e-08	0.2923839839221307	-0.5407254237800648	2.494675822663514e-42
max_sum_count_prefix0	0.5897924732928647	0.7679794745257614	2.7953146717775677e-36	0.5862096202599074	0.7656432721965938	6.079409111758896e-36	0.5127539312738059	0.7160683844953678	1.344326011050838e-29	0.5675369391549482	0.7533504756452658	5.358276677782813e-100
max_sum_normcount_filter0	0.7538948591844002	-0.8682711898850498	4.430182276008586e-56	0.6182320566169375	-0.7862773407754655	4.56266551523104e-39	0.6647404832624717	-0.8153161860667748	4.192805144597216e-44	0.6511756696354803	-0.8069545647900385	3.8930428093278786e-125
max_sum_normcount_prefix0	0.5514246658817458	0.742579737053029	8.256297637699524e-33	0.710293501246023	0.8427891202703218	9.198259839990755e-50	0.6060687701008758	0.7785041875936672	7.511407325831854e-38	0.6009825344219124	0.7752306330518115	2.0568683738228789e-109
max_mean_prob_none	0.45480703704276426	0.6743938293332497	3.1429091583465233e-25	0.3050518423152326	0.5523149846919171	9.169866489668866e-16	0.4434458322617067	0.6659172863514707	1.9947302289552207e-24	0.3907432889505191	0.6250946239974545	7.086679129964262e-60
max_mean_prob_filter0	0.6626787267558644	0.8140508133746102	7.246710947556807e-44	0.40939543321138894	0.6398401622369363	4.093072925529391e-22	0.4888836596809098	0.6992021593794672	9.711563879220875e-28	0.5479862135096872	0.740260909078473	7.981850909315339e-95
max_mean_prob_prefix0	3.53878178379137e-05	-0.005948766076919961	0.936829202544463	0.005102528218286067	0.07143198316080876	0.3406397806019361	0.014214660739158566	-0.11922525210356473	0.11090869523941874	0.012728572016454434	0.11282097330042155	0.008689618778974301
max_mean_pplx_none	0.20292883617404836	-0.45047623264057823	2.2216539767764222e-10	0.04080270088248312	-0.2019967843369867	0.006542419714683847	0.286153678159478	-0.534933339921413	1.0299482138849809e-14	0.0782793976019855	-0.2797845556888112	3.611853236229951e-11
max_mean_count_none	0.09987478856371096	-0.316029727341766	1.5481186605821923e-05	0.6037622777805659	-0.7770214139781257	1.2652767002796254e-37	0.0018247518257780927	-0.04271711396826912	0.5690999772011958	0.20555782632932487	-0.45338485454338334	9.853298473486588e-29
max_mean_count_filter0	0.2274270267413159	-0.4768930978126187	1.307585941649444e-11	0.6422320080297819	-0.8013937908605119	1.385071507242518e-41	0.16426166437267758	-0.40529207292109426	1.663768855949867e-08	0.29238398392213083	-0.5407254237800649	2.4946758226634077e-42
max_mean_count_prefix0	0.5897924732928644	0.7679794745257613	2.7953146717776693e-36	0.5862096202599072	0.7656432721965937	6.079409111759114e-36	0.5127539312738058	0.7160683844953677	1.344326011050852e-29	0.5675369391549484	0.7533504756452659	5.358276677782204e-100
max_mean_normcount_filter0	0.7648512715392597	-0.8745577576920004	7.639895297532897e-58	0.6182320566169375	-0.7862773407754655	4.56266551523104e-39	0.6647404832624717	-0.8153161860667748	4.192805144597216e-44	0.6552042498185289	-0.809446878935566	1.7056455843813314e-126
max_mean_normcount_prefix0	0.5514246658817459	0.7425797370530292	8.256297637699342e-33	0.710293501246023	0.8427891202703218	9.198259839990755e-50	0.6060687701008755	0.778504187593667	7.511407325832515e-38	0.6009825344219123	0.7752306330518114	2.0568683738229956e-109
max_median_prob_none	0.4700991337674455	0.6856377569587643	2.4584904347599204e-26	0.11753817840568337	0.3428384144253432	2.4627651115671022e-06	0.4161113492507345	0.6450669339306848	1.467457537927948e-22	0.39774596090106656	0.6306710401636233	3.13386209025697e-61
max_median_prob_filter0	0.4471839356600369	0.6687181287059869	1.0904896263875487e-24	0.281076639710037	0.5301666150466634	1.9520473901233184e-14	0.4792117152043789	0.6922511937182766	5.201392428211033e-27	0.2811761088154731	0.5302604160367556	1.742925682255085e-40
max_median_prob_prefix0	0.0004902658812646014	0.022141948452306572	0.7679694252973306	0.0001993634997109933	-0.014119614007153074	0.8507793397814353	0.0009255928929425319	0.030423558190036417	0.6851650679819596	0.010350242198319915	0.10173614007971757	0.018040079811554834
max_median_pplx_none	0.5304513071909626	-0.7283208820231386	4.91205828902369e-31	0.6180393742573433	-0.78615480298561	4.772966488588889e-39	0.5164354559426292	-0.7186344383221759	6.820673147773808e-30	0.39214825112112345	-0.6262174152170502	3.801521993210114e-60
max_median_pplx_filter0	0.13671653153465635	-0.36975198651887775	3.2491274860799827e-07	0.4574519384728308	-0.6763519338871079	2.032975434553119e-25	0.09806741140459274	-0.31315716725726195	1.866122420061813e-05	0.05232222049832307	-0.2287405090890616	7.677468259158639e-08
max_median_count_none	0.23450065107801313	-0.48425267276290085	5.6831141707281214e-12	0.5469587831909479	-0.7395666184942016	2.0018115158332782e-32	0.023870366360615857	0.15450037657111343	0.038372808793488686	0.1889449550665911	-0.4346779900875947	2.687396544046453e-26
max_median_count_filter0	0.6378069440200452	-0.7986281638034344	4.150367020027536e-41	0.324782177926632	-0.5698966379323815	6.854097921987745e-17	0.25569022869071195	-0.5056582133128186	4.483128899818318e-13	0.3044154306029328	-0.5517385527611178	2.4262117203646895e-44
max_median_count_prefix0	0.5158863427666376	0.7182522835095184	7.549533722524197e-30	0.5228358406014827	0.7230738832245863	2.0710850058600323e-30	0.5852496068504717	0.7650160827397497	7.477936178584798e-36	0.4598377409563537	0.6781133688081615	5.664021067989761e-74
max_median_normcount_filter0	0.16080436037655038	-0.4010041899738086	2.4266172021394526e-08	0.5800885163826753	-0.7616354222216003	2.257788965497618e-35	0.46973306508330986	-0.6853707500931958	2.615329957172649e-26	0.3493523086480523	-0.591060325726615	3.5749942093750116e-52
max_median_normcount_prefix0	0.5327190987256752	0.7298760845004275	3.1858418296538234e-31	0.5967143282871279	0.7724728657287114	6.111665517251618e-37	0.5497832087339416	0.7414736736620806	1.1444597925388463e-32	0.5611374774915943	0.7490911009293825	2.80253401879514e-98
max_geomean_prob_none	0.4313829033392203	0.6567974599061878	1.3631264932519494e-23	0.20324067539634283	0.4508222214979457	2.1440485264349607e-10	0.5050920499432672	0.7106982833405939	5.429701713715074e-29	0.28099235629007524	0.5300871214150323	1.8675796839281004e-40
max_geomean_prob_filter0	0.45502408165062236	0.6745547284324841	3.0327732108610877e-25	0.3038263285225833	0.5512044344184681	1.0747530588234017e-15	0.34310520178452886	0.5857518261043058	5.768073127094102e-18	0.2702036489950423	0.5198111666702075	1.0461878141216442e-38
max_geomean_prob_prefix0	3.53878178379137e-05	-0.005948766076919961	0.936829202544463	0.005066380499410641	0.07117851150038641	0.3423602905367291	0.013839556738365937	-0.1176416454252742	0.11576539692970249	0.012711031437237718	0.11274321016024742	0.00873617074372055
max_geomean_pplx_none	0.7086498499555794	-0.8418134294222084	1.5236131688528157e-49	0.7124668917934951	-0.8440775389699071	4.698820103754289e-50	0.6828138899079148	-0.8263255350695117	2.9841146336710463e-46	0.5606129457938771	-0.7487409069857724	3.866336179654839e-98
max_geomean_count_none	0.20655916663826876	-0.4544878069192492	1.4674681536998787e-10	0.5863297476670962	-0.765721716857434	5.923725958356103e-36	0.0017839174514699154	-0.04223644695603449	0.5734587670665786	0.22394527873177003	-0.47322856922608764	1.7360939094732312e-31
max_geomean_count_filter0	0.7354034676619717	-0.8575566848097983	2.831278536179607e-53	0.5864177228469238	-0.7657791606246045	5.8122187747619965e-36	0.20093633544595757	-0.4482592279540462	2.7874918536509564e-10	0.3434094538953226	-0.5860114793204333	4.160742166607171e-51
max_geomean_count_prefix0	0.6892159724194457	0.8301903230099985	4.838208430756322e-47	0.6071950094520082	0.7792271873157457	5.81649657851185e-38	0.472291556260744	0.6872347170077658	1.6960127432048625e-26	0.6049060639419889	0.7777570725759997	1.436737327441848e-110
max_geomean_normcount_filter0	0.7741175591138544	-0.8798395075886593	2.121072068580392e-59	0.6093127511696035	-0.7805848776203671	3.588958142981639e-38	0.657369592783901	-0.8107833204894517	2.9205988566642186e-43	0.662041992878467	-0.813659629623141	7.754824023331962e-129
max_geomean_normcount_prefix0	0.6747168649386107	0.8214115076735964	2.829315618093485e-45	0.6518009408209045	0.8073418983435112	1.2315124430982686e-42	0.5745685409005106	0.7580029953110413	7.25295499673429e-35	0.6331398473903149	0.7957008529531151	3.060401630267828e-119
max_max_prob_none	0.4458525605194492	0.6677219185555086	1.3527875130134726e-24	0.3087249369692527	0.555630216033337	5.6887608848067135e-16	0.41467428805784995	0.6439520852189625	1.8294097264742359e-22	0.3697555028136919	0.6080752443684021	6.5912435476054605e-56
max_max_prob_filter0	0.6522709824933981	0.8076329503514564	1.0916217189753148e-42	0.41498433653133965	0.6441927790121057	1.744509256870875e-22	0.5545062619840967	0.744651772296351	4.458123529900219e-33	0.5439349184155308	0.7375194359578131	8.833178557244769e-94
max_max_prob_prefix0	0.00524956435619104	0.07245387744069354	0.3337592115410055	0.0007684392045556765	0.027720736003138093	0.7118350468721423	0.00023591985590698075	0.015359682806196902	0.8378469987589137	0.016349764580262532	0.12786619795810983	0.00291384234296598
max_max_pplx_none	0.14678709151766872	-0.383128035410708	1.1062059756939777e-07	0.01201429723405092	-0.10960974972168726	0.1429915783113808	0.22407733404480898	-0.473368074593977	1.9354029867620868e-11	0.04727884554132633	-0.2174369921180072	3.3565636592384515e-07
max_max_count_none	0.024063295572486713	-0.1551234849160072	0.037589389303621684	0.3852592873810255	-0.6206925868584428	1.4895679551138437e-20	0.004868045412555691	-0.06977137960908965	0.3520115395483675	0.08786271273231931	-0.2964164515210303	2.0542734902404077e-12
max_max_count_filter0	0.022484523857684166	-0.14994840398511805	0.04452363392389179	0.3466860209483533	-0.5888004933322945	3.528342708200024e-18	0.06235836581687258	0.24971657096971475	0.0007230692114883356	0.05660569576793394	-0.23791951531544012	2.18725019186999e-08
max_max_count_prefix0	0.5733037250696503	0.7571682277206634	9.456440888793662e-35	0.4426707228006337	0.6653350455226552	2.2596859227859722e-24	0.3837089921730438	0.6194424849596964	1.867517645785915e-20	0.4250914866360654	0.6519904037913943	1.1300194665326033e-66
max_max_normcount_prefix0	0.5092054861765761	0.7135863550941652	2.573067980916201e-29	0.5727989708682274	0.7568348372453712	1.0510210030886092e-34	0.5291662871428442	0.7274381672299332	6.272128223829639e-31	0.5349689282292749	0.7314157013827874	1.6754711433473983e-91
max_min_prob_none	0.21726105061431972	0.4661127016230299	4.2779673589888304e-11	0.29647575568253903	0.5444958729710805	2.7695716066531616e-15	0.2905983384739104	0.5390717377807062	5.863741149321039e-15	0.13838741519908845	0.3720045902930345	3.629649892997609e-19
max_min_prob_filter0	0.2185807932389851	0.46752624871656684	3.670784003392047e-11	0.2701555914070233	0.5197649386088131	7.612298413433365e-14	0.2754853953284477	0.5248670263299531	3.9276728966873963e-14	0.13882672855636893	0.37259459007930984	3.159458420576993e-19
max_min_prob_prefix0	3.53878178379137e-05	-0.005948766076919961	0.936829202544463	0.005066380499410641	0.07117851150038641	0.3423602905367291	0.013583720963327394	-0.11654922120429374	0.11921121522101145	0.012689289605940759	0.11264674698339389	0.008794226001430828
max_min_pplx_none	0.6616044643529043	-0.8133907205967525	9.624694883087193e-44	0.6180773300744932	-0.7861789427824261	4.730795612146501e-39	0.7409131033976999	-0.86076309365452	4.335525273403259e-54	0.5847924483376059	-0.7647172342360318	9.23905665995402e-105
max_min_pplx_filter0	0.21574868994007365	-0.46448755628119215	5.096741916405232e-11	0.5776677408431425	-0.7600445650375658	3.773663479898721e-35	0.3876957872549253	-0.6226522201477526	1.0428653175052586e-20	0.17195567489984312	-0.4146753849697895	7.434689934028263e-24
max_min_count_none	0.19327986874503442	-0.43963606397227517	6.634593971658462e-10	0.6018702384089833	-0.7758029636505543	1.9363336067839324e-37	0.23049529503884236	0.4800992554033409	9.117532520924508e-12	0.17865610633136958	-0.4226773075661498	8.202567880937161e-25
max_min_count_filter0	0.48461502741520734	-0.6961429647818093	2.044645269536524e-27	0.36010468696737175	-0.6000872327981756	5.46276846268652e-19	0.2177783737740802	-0.46666730523369665	4.028940868818192e-11	0.2875494766908324	-0.5362364000054756	1.5704979133737252e-41
max_min_count_prefix0	0.5979674903343545	0.7732835769201066	4.6282651053234495e-37	0.022301068782829774	0.14933542373740322	0.04541173112379393	0.353922304903196	0.5949136953400854	1.2963116956149878e-18	0.42987185286620655	0.6556461338757413	1.1890913285690936e-67
max_min_normcount_filter0	0.7291157117268176	-0.8538827271509932	2.299268124023595e-52	0.37744209044767807	-0.6143631584394348	4.6323328443975744e-20	0.5908959276829756	-0.7686975528014744	2.1974456481782878e-36	0.5841402255274812	-0.7642906682195467	1.4100601904895675e-104
max_min_normcount_prefix0	0.6876542826729254	0.8292492283221766	7.566765836154328e-47	0.14913849254647027	0.3861845317286417	8.58895976739622e-08	0.4051320209618645	0.6364998200799938	7.803338339099062e-22	0.3724810895759531	0.6103122885670524	2.0467484180862463e-56
max_join_prob_none	0.4458525605194492	0.6677219185555086	1.3527875130134726e-24	0.3087249369692527	0.555630216033337	5.6887608848067135e-16	0.41467428805784995	0.6439520852189625	1.8294097264742359e-22	0.3697555028136919	0.6080752443684021	6.5912435476054605e-56
max_join_prob_filter0	0.6522709824933981	0.8076329503514564	1.0916217189753148e-42	0.41498433653133965	0.6441927790121057	1.744509256870875e-22	0.5545062619840967	0.744651772296351	4.458123529900219e-33	0.5439349184155308	0.7375194359578131	8.833178557244769e-94
max_join_prob_prefix0	0.00524956435619104	0.07245387744069354	0.3337592115410055	0.0007684392045556765	0.027720736003138093	0.7118350468721423	0.00023591985590698075	0.015359682806196902	0.8378469987589137	0.016349764580262532	0.12786619795810983	0.00291384234296598
max_join_pplx_none	0.14678709151766872	-0.383128035410708	1.1062059756939777e-07	0.01201429723405092	-0.10960974972168726	0.1429915783113808	0.22407733404480898	-0.473368074593977	1.9354029867620868e-11	0.04727884554132633	-0.2174369921180072	3.3565636592384515e-07
max_join_count_none	0.024063295572486713	-0.1551234849160072	0.037589389303621684	0.3852592873810255	-0.6206925868584428	1.4895679551138437e-20	0.004868045412555691	-0.06977137960908965	0.3520115395483675	0.08786271273231931	-0.2964164515210303	2.0542734902404077e-12
max_join_count_filter0	0.022484523857684166	-0.14994840398511805	0.04452363392389179	0.3466860209483533	-0.5888004933322945	3.528342708200024e-18	0.06235836581687258	0.24971657096971475	0.0007230692114883356	0.05660569576793394	-0.23791951531544012	2.18725019186999e-08
max_join_count_prefix0	0.5733037250696503	0.7571682277206634	9.456440888793662e-35	0.4426707228006337	0.6653350455226552	2.2596859227859722e-24	0.3837089921730438	0.6194424849596964	1.867517645785915e-20	0.4250914866360654	0.6519904037913943	1.1300194665326033e-66
max_join_normcount_prefix0	0.5092054861765761	0.7135863550941652	2.573067980916201e-29	0.5727989708682274	0.7568348372453712	1.0510210030886092e-34	0.5291662871428442	0.7274381672299332	6.272128223829639e-31	0.5349689282292749	0.7314157013827874	1.6754711433473983e-91
min_sum_prob_none	0.10681168898176141	0.32682057612971893	7.541873298760161e-06	0.03137843192722631	0.17713958317447376	0.01736609737517303	0.03429858341692227	0.18519876732020185	0.012811685049601724	0.061427042468867446	0.24784479512159913	5.303292605826251e-09
min_sum_prob_filter0	0.0986665256948565	0.31411228198664326	1.7541046642301834e-05	0.031122574994812236	0.17641591480025898	0.0178367537068572	0.020677637182003522	0.14379720853341876	0.0541265763308222	0.05633264716302167	0.23734499607748563	2.3697164482156197e-08
min_sum_pplx_none	0.7000477274801299	-0.8366885486727602	2.0425392767163947e-48	0.6550695562963811	-0.8093636736945766	5.306655528927352e-43	0.6866441720146731	-0.8286399531851413	1.0093041424454294e-46	0.5739516967199352	-0.7575959983526412	9.566266037829024e-102
min_sum_pplx_filter0	0.33067639033261065	-0.5750446855094051	3.1137259222151623e-17	0.39601914320374354	-0.6293005189921136	3.0529428843769892e-21	0.404278578448643	-0.6358290481321556	8.874418410598929e-22	0.3685827798266632	-0.6071101875497258	1.0885040407577543e-55
min_sum_pplx_prefix0	0.00016135741179754687	0.012702653730522094	0.8656051059519202	0.005120875639217891	-0.07156029373345173	0.3397709340236438	0.014834708154787062	0.12179781670780089	0.10336072730102694	0.013427785779248377	-0.11587832316377544	0.007025879451460735
min_sum_count_none	0.14198756025022619	0.3768123674326868	1.8509371610963577e-07	0.4514221073991245	0.6718795333980077	5.472085071792392e-25	0.00599048759259661	0.07739824024224717	0.30173396785168205	0.12388582839615377	0.3519741871162625	3.4131307166119557e-17
min_sum_count_filter0	0.6347051492106278	-0.7966838452050021	8.886530689302557e-41	0.37345464438842824	-0.6111093555072024	8.218948998344611e-20	0.5641606876431318	-0.7511063091487994	6.2896102753834845e-34	0.5490019330707465	-0.7409466465750058	4.354025912377357e-95
min_sum_normcount_filter0	0.6008469298278944	-0.7751431673103327	2.4353583874799856e-37	0.5927936950251915	-0.7699309677011255	1.450494878260862e-36	0.6390095422815814	-0.7993807242369442	3.0841328483661643e-41	0.5497934896572083	-0.741480606393187	2.7124241342850815e-95
min_mean_prob_none	0.10681168898176137	0.3268205761297189	7.541873298760161e-06	0.03137843192722631	0.17713958317447376	0.01736609737517303	0.03429858341692225	0.1851987673202018	0.012811685049601724	0.061427042468867446	0.24784479512159913	5.303292605826251e-09
min_mean_prob_filter0	0.09866652569485652	0.3141122819866433	1.754104664230164e-05	0.031122574994812236	0.17641591480025898	0.0178367537068572	0.020677637182003515	0.14379720853341874	0.0541265763308222	0.056332647163021644	0.23734499607748558	2.3697164482156197e-08
min_mean_pplx_none	0.7000477274801299	-0.8366885486727602	2.0425392767163947e-48	0.6550695562963811	-0.8093636736945766	5.306655528927352e-43	0.6866441720146728	-0.828639953185141	1.0093041424455253e-46	0.5739516967199352	-0.7575959983526412	9.566266037829024e-102
min_mean_pplx_filter0	0.33067639033261054	-0.575044685509405	3.1137259222152085e-17	0.39601914320374365	-0.6293005189921137	3.0529428843769384e-21	0.4042785784486431	-0.6358290481321557	8.874418410598631e-22	0.3685827798266632	-0.6071101875497258	1.0885040407577543e-55
min_mean_pplx_prefix0	0.00016135741179754603	0.01270265373052206	0.8656051059519202	0.00512087563921792	-0.07156029373345194	0.3397709340236438	0.01483470815478712	0.12179781670780113	0.10336072730102293	0.0134277857792484	-0.11587832316377554	0.007025879451460735
min_mean_count_none	0.1419875602502261	0.3768123674326867	1.8509371610963577e-07	0.4514221073991245	0.6718795333980077	5.472085071792392e-25	0.005990487592596614	0.0773982402422472	0.30173396785168205	0.12388582839615368	0.3519741871162624	3.4131307166120524e-17
min_mean_count_filter0	0.6347051492106275	-0.7966838452050019	8.886530689303161e-41	0.3734546443884281	-0.6111093555072022	8.218948998344743e-20	0.5641606876431314	-0.7511063091487992	6.289610275383842e-34	0.5490019330707466	-0.7409466465750059	4.354025912376986e-95
min_mean_normcount_filter0	0.6008469298278948	-0.775143167310333	2.435358387479804e-37	0.592793695025192	-0.7699309677011258	1.4504948782607206e-36	0.6390095422815817	-0.7993807242369444	3.0841328483659094e-41	0.5497934896572085	-0.7414806063931871	2.7124241342848504e-95
min_median_prob_none	0.0984442249529562	0.31375822690880345	1.794866800500447e-05	0.029861995333311457	0.17280623638431414	0.02035350377634178	0.032661638910818795	0.1807253134201703	0.015189960789844638	0.05683651938543173	0.23840410941389356	2.0439848723647806e-08
min_median_prob_filter0	0.0860606112747505	0.2933608891361466	6.422494515710067e-05	0.028298289607020743	0.16822095472033424	0.023988810363633307	0.035882698493803884	0.18942729078409976	0.010870647978101012	0.0510421413684107	0.22592507910457993	1.1167591708559624e-07
min_median_pplx_none	0.7185925785055777	-0.8476984006741889	6.883393001572372e-51	0.6224746211779701	-0.7889706085640771	1.6819592340603472e-39	0.6108243745213862	-0.7815525411137668	2.5386284191023196e-38	0.5166792427422643	-0.7188040363981439	5.474227115611626e-87
min_median_pplx_filter0	0.4666048296447683	-0.6830847894989086	4.428915097126012e-26	0.46845608245976234	-0.6844385162012453	3.243948303737685e-26	0.25487050142957857	-0.5048470079435735	4.952170294105706e-13	0.3736491475143863	-0.6112684741702179	1.2380301055310763e-56
min_median_pplx_prefix0	0.0005443620087031181	-0.02333156678629016	0.7558862409990393	0.000422785740790078	0.020561754321800414	0.7841061593553303	0.0011388819334618462	-0.033747324834153096	0.6528966965063449	0.01039103869213854	-0.10193644437657486	0.017813369275685494
min_median_count_filter0	0.46938556357920713	-0.6851171896684589	2.7733538095654863e-26	0.46931095208395435	-0.6850627358745726	2.808494907433896e-26	0.4841140080463555	-0.6957830179347262	2.2304585697232776e-27	0.4824745101054552	-0.6946038512025795	5.513037129727387e-79
min_median_normcount_filter0	0.5928824640316831	-0.769988612923388	1.4225166878418677e-36	0.47428508911304895	-0.6886835914358995	1.2084862823498653e-26	0.4893822261289893	-0.6995585937782405	8.89920431861812e-28	0.4727940984356267	-0.6876002460991609	8.143472376416206e-77
min_geomean_prob_none	0.018957233448367927	0.13768526954023777	0.06530555482110888	0.03341809254162392	0.1828061611150563	0.014039563617017406	0.05442003535380586	0.23328102227529324	0.0016238534710187223	0.015832838491610837	0.12582860760419642	0.0034020132146380267
min_geomean_prob_filter0	0.001744815434296836	0.041770987949734155	0.5776945448969873	0.0004449599548156259	0.021094073926475793	0.7786595136889116	0.022634871136227093	0.15044889875378648	0.04380932534253776	0.006174499145634837	0.07857798130287413	0.0680647454942034
min_geomean_pplx_none	0.720403379745396	-0.8487657979356826	3.870271140736723e-51	0.6938587257204979	-0.8329818279653511	1.2632060855293708e-47	0.7093047154615582	-0.8422023007933178	1.2465255756061616e-49	0.5854229037737906	-0.7651293379382277	6.1358071313410234e-105
min_geomean_pplx_filter0	0.4428910831320434	-0.6655006259441409	2.181007005376489e-24	0.5283342285107118	-0.7268660320242732	7.345064812906869e-31	0.40803317465376376	-0.6387747448465412	5.032744350149728e-22	0.4276744952954542	-0.6539682678046804	3.355170624085602e-67
min_geomean_pplx_prefix0	0.00020159763466332518	0.014198508184429982	0.84995534895563	0.005820911664070641	-0.07629489933193857	0.30869845317571065	0.014752218487810961	0.12145871104128744	0.10433185851254508	0.013657878621772233	-0.11686692698010089	0.006552501817717408
min_geomean_count_none	0.1461671972425537	0.3823181884799018	1.18240592154093e-07	0.5250660168287837	0.7246143918173195	1.3621222079192883e-30	0.02758933924090582	0.16610038904501645	0.025850620476871766	0.11649356331087006	0.3413115341017207	3.37062590761318e-16
min_geomean_count_filter0	0.5224187784325629	-0.7227854304235545	2.239425228390083e-30	0.3963610542595589	-0.6295721199827379	2.901678418803261e-21	0.4714152839048093	-0.6865968860290653	1.9676725767650566e-26	0.4994566405936967	-0.7067224636260664	6.856686639815656e-83
min_geomean_normcount_filter0	0.5138549175291078	-0.7168367439864588	1.0980216828653626e-29	0.4679465714003363	-0.6840662039600672	3.5345741157385167e-26	0.49517691167372346	-0.703688078393917	3.2040793109009424e-28	0.512089685839839	-0.7156044199415198	6.988289396836989e-86
min_max_prob_none	0.11802185941789461	0.3435430968858123	2.3410498357577342e-06	0.043281767773071585	0.2080427066086951	0.005071283846310808	0.030354185880019275	0.17422452720561268	0.01933019217244839	0.06756162010539417	0.2599261820313494	8.686526985615366e-10
min_max_prob_filter0	0.09588286146967327	0.30964957850717845	2.3382074821185666e-05	0.0312877019772177	0.17688330044754846	0.017531527598692396	0.020624230165047636	0.1436113859171606	0.05444145301778202	0.05437722748287612	0.23318925250293188	4.2048408254019667e-08
min_max_pplx_none	0.6306445344069551	-0.7941313080385102	2.384454388617655e-40	0.3948366603346938	-0.6283602950017559	3.6387348321948285e-21	0.5439546952197497	-0.7375328434854611	3.6145118856406264e-32	0.4626583639064009	-0.6801899469312972	1.3809262494249722e-74
min_max_pplx_filter0	0.1356702986408204	-0.3683344928741	3.631892439675585e-07	0.2728926511844224	-0.5223912816887571	5.4223135239079764e-14	0.3548924472515753	-0.5957285012919689	1.1325294194934505e-18	0.28034798253156246	-0.5294789727001087	2.3791562988613666e-40
min_max_pplx_prefix0	1.5558530181731052e-06	-0.0012473383735671349	0.9867411894588553	0.004182837905127277	-0.0646748630081833	0.3883779056505865	0.014342268965249714	0.11975921244417781	0.10930756447049556	0.013437794979790746	-0.11592150352626879	0.007004580156746477
min_max_count_none	0.0018218910411614867	-0.04268361560553987	0.5694032381876704	0.1354609596362348	0.3680502134712529	3.7136847650631776e-07	0.0003039825121413182	0.017435094268208537	0.8163016248987037	0.022578653393741425	0.15026194925443176	0.0004590276289132582
min_max_count_filter0	0.5523973150401806	-0.7432343607773935	6.800006594926229e-33	0.4703121162136421	-0.685793056405241	2.3715585955158283e-26	0.46760410574442673	-0.6838158419811775	3.744239189605499e-26	0.5129956357651378	-0.7162371365442718	4.235138110257182e-86
min_max_normcount_filter0	0.3903669930959867	-0.624793560382937	7.043477333711057e-21	0.5119101784290184	-0.7154789853161436	1.5693865105199994e-29	0.5808276433399403	-0.7621204913528702	1.9289304982975988e-35	0.45661343942742166	-0.6757317806847786	2.817818888312292e-73
min_min_prob_none	0.01692896649638506	0.1301113619035058	0.08170571515095074	3.096932729904843e-05	-0.005565009191281577	0.9408967177634298	0.001985366260121558	0.04455744898579314	0.5525580779872676	0.0004822516331973746	0.02196022844137498	0.6106201247444927
min_min_prob_filter0	0.042689759546056874	-0.20661500319690454	0.005389017874144283	3.0185335175065538e-05	-0.0054941182345364156	0.941648275503333	0.002701910383636315	0.05197990365166441	0.488313456265825	0.0006416461351713817	0.025330734990745566	0.5569597294259483
min_min_pplx_none	0.5981363591156523	-0.7733927586392649	4.457786230679324e-37	0.6548902007674235	-0.8092528657764664	5.5586887847506246e-43	0.5979012105136702	-0.7732407196427709	4.696924805601427e-37	0.4756941290880823	-0.6897058279354193	1.8411582699049672e-77
min_min_pplx_filter0	0.7030070102651879	-0.8384551331259102	8.434094524711374e-49	0.5587759067816714	-0.747513148233308	1.8848934405948895e-33	0.44879938984796125	-0.6699249135895464	8.389602930358323e-25	0.5090362120282579	-0.7134677372020811	3.754097228216745e-85
min_min_pplx_prefix0	0.0049713265419887714	-0.07050763463617803	0.34694059131583244	0.0004997813350875966	-0.022355789744216075	0.7657931766152275	0.0017597239107924527	-0.041949063288617694	0.5760722967739413	0.017547093703998404	-0.13246544343336644	0.00203764767498953
min_min_count_none	0.38645924452185265	0.6216584629214442	1.2499190416833921e-20	0.41570969012956427	-0.64475552741296	1.5608088021412836e-22	0.009151477551393523	-0.09566335532163568	0.20144380991655705	0.06384580887067184	0.2526772820628555	2.6010144027898644e-09
min_min_count_filter0	0.4497876043296902	-0.670662064179636	7.143578290295907e-25	0.42366455157399774	-0.6508951924649603	4.565522578801367e-23	0.38426300112383427	-0.6198895071896557	1.7226555400955418e-20	0.4368797100411448	-0.6609687663128605	4.2349853798351107e-69
min_min_normcount_filter0	0.49676838413284274	-0.7048179794335859	2.4153315284877723e-28	0.501350028725681	-0.7080607521432614	1.0653878818703012e-28	0.5413361097584999	-0.7357554687248338	6.030877654343566e-32	0.48959090006061845	-0.6997077247398505	1.320224928676728e-80
min_join_prob_none	0.01692896649638506	0.1301113619035058	0.08170571515095074	3.096932729904843e-05	-0.005565009191281577	0.9408967177634298	0.001985366260121558	0.04455744898579314	0.5525580779872676	0.0004822516331973746	0.02196022844137498	0.6106201247444927
min_join_prob_filter0	0.042689759546056874	-0.20661500319690454	0.005389017874144283	3.0185335175065538e-05	-0.0054941182345364156	0.941648275503333	0.002701910383636315	0.05197990365166441	0.488313456265825	0.0006416461351713817	0.025330734990745566	0.5569597294259483
min_join_pplx_none	0.5981363591156523	-0.7733927586392649	4.457786230679324e-37	0.6548902007674235	-0.8092528657764664	5.5586887847506246e-43	0.5979012105136702	-0.7732407196427709	4.696924805601427e-37	0.4756941290880823	-0.6897058279354193	1.8411582699049672e-77
min_join_pplx_filter0	0.7030070102651879	-0.8384551331259102	8.434094524711374e-49	0.5587759067816714	-0.747513148233308	1.8848934405948895e-33	0.44879938984796125	-0.6699249135895464	8.389602930358323e-25	0.5090362120282579	-0.7134677372020811	3.754097228216745e-85
min_join_pplx_prefix0	0.0049713265419887714	-0.07050763463617803	0.34694059131583244	0.0004997813350875966	-0.022355789744216075	0.7657931766152275	0.0017597239107924527	-0.041949063288617694	0.5760722967739413	0.017547093703998404	-0.13246544343336644	0.00203764767498953
min_join_count_none	0.38645924452185265	0.6216584629214442	1.2499190416833921e-20	0.41570969012956427	-0.64475552741296	1.5608088021412836e-22	0.009151477551393523	-0.09566335532163568	0.20144380991655705	0.06384580887067184	0.2526772820628555	2.6010144027898644e-09
min_join_count_filter0	0.4497876043296902	-0.670662064179636	7.143578290295907e-25	0.42366455157399774	-0.6508951924649603	4.565522578801367e-23	0.38426300112383427	-0.6198895071896557	1.7226555400955418e-20	0.4368797100411448	-0.6609687663128605	4.2349853798351107e-69
min_join_normcount_filter0	0.49676838413284274	-0.7048179794335859	2.4153315284877723e-28	0.501350028725681	-0.7080607521432614	1.0653878818703012e-28	0.5413361097584999	-0.7357554687248338	6.030877654343566e-32	0.48959090006061845	-0.6997077247398505	1.320224928676728e-80
