pregen	mscoco_R^2	mscoco_R	mscoco_p	flickr30k_R^2	flickr30k_R	flickr30k_p	flickr8k_R^2	flickr8k_R	flickr8k_p	all_R^2	all_R	all_p
sum_sum_prob_none	0.42641898612150186	0.6530076462963522	2.971313611209955e-23	0.35587619276011156	0.5965535958823076	9.873686307459495e-19	0.5005077846756444	0.7074657480582678	1.2390686188789803e-28	0.2699467998495581	0.5195640478801031	1.1505947239688646e-38
sum_sum_prob_filter0	0.5085780229587873	0.713146564851004	2.884677123545299e-29	0.4727240847352518	0.687549332582944	1.575945405458165e-26	0.5324700982508452	0.7297054873377651	3.341295002667321e-31	0.30200728021731854	0.5495518903773496	6.171478525433423e-44
sum_sum_prob_prefix0	2.015155703140341e-05	0.004489048566389476	0.952308855151839	0.0013785656984591796	0.03712904117344238	0.6207140250404355	0.00044802336322821387	0.021166562385711428	0.7779186450444665	0.036092003245245016	0.18997895474300572	8.7881181117124e-06
sum_sum_pplx_none	0.1347318579389285	-0.36705838491843296	4.013076653818197e-07	0.1271255935483936	-0.3565467620781229	8.984078874666072e-07	0.13712123699277556	-0.37029884821961784	3.112041727649542e-07	0.006594808816787751	-0.08120842823739265	0.059314353781071937
sum_sum_count_none	0.00017446661874776504	-0.013208581254160684	0.8603058819602168	0.0017313069651940334	-0.04160897697846023	0.5791722979104474	0.00029849317428006666	-0.017276955006020785	0.817938688516982	0.026186605880124166	0.1618227606986241	0.00015896662878699637
sum_sum_count_filter0	0.017039555763241468	-0.1305356493960231	0.08070680891437294	0.015934535470396173	-0.12623206989666363	0.09130696307190246	0.013885204547500286	-0.11783549782429863	0.11516212354214594	0.007574130020951712	0.08702947788509197	0.0432246405859421
sum_sum_count_prefix0	0.07332974930245324	0.27079466261810486	0.0002362545819590496	0.0403873644280973	0.2009660778044327	0.00682810039086524	0.04348061687342473	0.2085200634793322	0.004968856643766385	0.09972036241587882	0.3157853106398061	5.72140032101096e-14
sum_sum_normcount_none	5.608952579969374e-10	-2.3683227356020068e-05	0.9997482433426511	1.2246571630624355e-12	1.1066422922798656e-06	0.9999882360638443	2.8499746204771817e-12	1.688186784830749e-06	0.999982054393074	0.031485871524021256	0.17744258655695158	3.371699844222902e-05
sum_sum_normcount_filter0	0.014484234942729522	-0.12035046714794888	0.10755583464966777	0.00873815574236813	-0.09347810301010676	0.21198054737467054	0.011829495390514087	-0.10876348371817669	0.146122618760528	0.010890245636758495	0.10435633970563789	0.015265013683141346
sum_sum_normcount_prefix0	0.08104817503461163	0.2846896117434067	0.00010734395739588428	0.06004670440552872	0.24504429070176012	0.0009151060566971336	0.05344083433601736	0.23117273700853516	0.0017944138281151582	0.10650713228819317	0.3263543048409093	7.238641820424523e-15
sum_mean_prob_none	0.42641909611205675	0.6530077305147748	2.9712625274256135e-23	0.35587619276011145	0.5965535958823075	9.873686307459648e-19	0.5005077846756443	0.7074657480582677	1.239068618879017e-28	0.2699468509418018	0.5195640970484795	1.150572955915185e-38
sum_mean_prob_filter0	0.5085781073745744	0.713146624036442	2.8846327877740847e-29	0.4727240847352518	0.687549332582944	1.575945405458165e-26	0.5324700982508451	0.729705487337765	3.3412950026674284e-31	0.3020073233503918	0.5495519296212068	6.171375501822717e-44
sum_mean_prob_prefix0	1.9876499329422303e-05	0.004458306778298495	0.9526350704548996	0.0013785656984591796	0.03712904117344238	0.6207140250404355	0.00044802336322821517	0.02116656238571146	0.7779186450444665	0.03608514868869692	0.18996091358144424	8.80571128230706e-06
sum_mean_pplx_none	0.1347655260857832	-0.36710424416748877	3.998738721025724e-07	0.1271255935483936	-0.3565467620781229	8.984078874666072e-07	0.13712123699277562	-0.3702988482196179	3.1120417276495056e-07	0.006612896793333542	-0.08131971958469571	0.058965684436078414
sum_mean_count_none	0.00017433305119133287	-0.013203524195885464	0.8603588205393402	0.0017313069651940345	-0.04160897697846024	0.5791722979104474	0.0002984931742800664	-0.017276955006020778	0.817938688516982	0.02618229726323813	0.16180944738561506	0.00015916761781431847
sum_mean_count_filter0	0.017041594929787084	-0.1305434599272866	0.08068851306014169	0.015934535470396173	-0.12623206989666363	0.09130696307190246	0.013885204547500297	-0.11783549782429867	0.11516212354214594	0.00756840652226654	0.08699658914156658	0.04330399971818205
sum_mean_count_prefix0	0.0733382071181238	0.27081027882656855	0.00023605070847631913	0.04038736442809731	0.20096607780443274	0.00682810039086524	0.043480616873424735	0.20852006347933222	0.004968856643766385	0.0997275786977328	0.31579673636333355	5.708877641468618e-14
sum_mean_normcount_none	1.7073051172405055e-14	1.306638862593833e-07	0.9999986100295195	1.2246571630849416e-12	1.1066422922900343e-06	0.9999882360638443	2.8499746204457544e-12	1.688186784821441e-06	0.999982054393074	0.03148544787128304	0.1774413927788075	3.372117170645414e-05
sum_mean_normcount_filter0	0.01448263271346227	-0.1203438104493217	0.10757543323617894	0.008738155742368131	-0.09347810301010677	0.21198054737467054	0.011829495390514087	-0.10876348371817669	0.146122618760528	0.010885712298420822	0.10433461697069109	0.015286385063692039
sum_mean_normcount_prefix0	0.08106961733901152	0.2847272683446591	0.00010710861674576174	0.06004670440552878	0.24504429070176023	0.0009151060566971336	0.05344083433601736	0.23117273700853516	0.0017944138281151582	0.10652222536816469	0.32637742778593726	7.20532972039704e-15
sum_median_prob_none	0.43442074765068867	0.6591060215554768	8.43328154011375e-24	0.17209147049691526	0.4148390898853618	7.042785727979174e-09	0.4835695301122051	0.6953916379366415	2.451353730009432e-27	0.2911663967546697	0.539598366152706	3.9696859990532976e-42
sum_median_prob_filter0	0.4896803144179718	0.699771615899053	8.445996683066745e-28	0.371927554316077	0.609858634698302	1.0227600439713849e-19	0.48229268459540475	0.694472954545679	3.0578399997896917e-27	0.2785009473248511	0.5277318896227999	4.756586507000463e-40
sum_median_prob_prefix0	1.4522515873824396e-05	-0.0038108418851776566	0.9595073634337351	0.0004341421546697525	0.020836078197917968	0.7812979744525399	8.478817100339309e-05	0.009208049250704141	0.9023598046770669	0.03462107309248841	0.18606738857867708	1.3499003034583263e-05
sum_median_pplx_none	0.15500384598568925	-0.39370527807700173	4.5575386179277945e-08	0.14243755519318413	-0.3774090025333049	1.7639005716227981e-07	0.1418830598351881	-0.3766736781820414	1.8717507901064342e-07	0.011556393971100674	-0.10750066963094078	0.012435182011151659
sum_median_pplx_filter0	0.09123974331416454	-0.30205917187558556	3.7724408922075604e-05	0.10034762057596627	-0.3167769255737644	1.4742200206208254e-05	0.08490847462971217	-0.29139058775072363	7.228117941430451e-05	3.0917776323482606e-05	-0.005560375555974849	0.8974264674634683
sum_median_count_none	8.487952098658574e-05	-0.009213008248481369	0.9023074817892663	0.0007101450872026969	-0.026648547562722755	0.7225146316724874	0.00020178377147827764	-0.014205061473935184	0.8498869120317135	0.02739667635676881	0.1655194138364706	0.00011150173718862967
sum_median_count_filter0	0.016840627889235314	-0.1297714448144711	0.08251314207636051	0.013524734853033326	-0.11629589353469591	0.12002155400726043	0.014914710276934114	-0.122125796934694	0.10242824924780237	0.007971033738752378	0.08928064593601671	0.03807648715342468
sum_median_count_prefix0	0.0466475959531378	0.21598054531169653	0.0035918643693923693	0.026954405850747223	0.16417797005307144	0.02764420190411579	0.02362187682691937	0.1536941014708091	0.039406903995040425	0.0830180698502693	0.28812856479403304	8.776859214943094e-12
sum_median_normcount_none	1.7073051172405055e-14	1.306638862593833e-07	0.9999986100295195	1.2246571630849416e-12	1.1066422922900343e-06	0.9999882360638443	2.8499746204457544e-12	1.688186784821441e-06	0.999982054393074	0.03148544787128304	0.1774413927788075	3.372117170645414e-05
sum_median_normcount_filter0	0.014388271462065581	-0.11995112113717646	0.10873655527521374	0.008809464758987914	-0.09385874897412555	0.21011731686916543	0.012040736175186683	-0.10973028832180604	0.14254979109692442	0.010881509265358502	0.10431447294291671	0.015306226741515832
sum_median_normcount_prefix0	0.05627172547083318	0.2372166214050634	0.0013444730745458822	0.05413423214456698	0.23266764309754587	0.0016718828110549521	0.037574360772090615	0.1938410709114315	0.009125661132872461	0.09239713285557288	0.30396896692848907	5.2472690077734e-13
sum_geomean_prob_none	0.44335945249365677	0.6658524254620214	2.022665103665219e-24	0.310022287463534	0.5567964506563723	4.803184302423454e-16	0.5508335032666282	0.7421815837560429	9.28792288350244e-33	0.2709065771688418	0.5204868655104006	8.062590831733807e-39
sum_geomean_prob_filter0	0.49272724231663295	0.7019453271563484	4.941559215526869e-28	0.44439129849817993	0.6666268060153147	1.7128338134569996e-24	0.46166239843701784	0.6794574294516308	1.0117137704892419e-25	0.2734471412595251	0.5229217353099076	3.1381966969439066e-39
sum_geomean_prob_prefix0	0.013823329917625575	0.1175726580358953	0.11598068064932612	0.03824636533194746	0.19556677972484862	0.008513927788257375	0.0023262151766181237	-0.048230852953458365	0.5202558607131997	0.05649169625843538	0.23767981878660918	2.2616607038800872e-08
sum_geomean_pplx_none	0.14922277304321485	-0.3862936357788138	8.511322411562841e-08	0.13939875932608145	-0.37336143256378457	2.4409606830469125e-07	0.14014477894129998	-0.37435915768323336	2.2540356857558797e-07	0.010496361148498931	-0.10245175034375416	0.017241534439965178
sum_geomean_count_none	0.00012913721935970578	-0.011363855831525925	0.8796563647761972	0.0010709486987647372	-0.032725352538433214	0.6627534891437525	0.00024054843431483764	-0.015509623925641706	0.8362861705699074	0.027164944244838746	0.1648179123907312	0.00011933399336001561
sum_geomean_count_filter0	0.02213559166168855	-0.1487803470277192	0.046228662403070685	0.016607960946474973	-0.1288718780280437	0.08468091454605238	0.016787315387763846	-0.12956587277429132	0.08300455467150103	0.00618075191851892	0.078617758289835	0.06792494402912888
sum_geomean_count_prefix0	0.12710688359940603	0.35652052339157986	9.001847208856305e-07	0.10942026006326168	0.3307873335895159	5.749574776740427e-06	0.018723975881646482	0.13683557973585117	0.06699948269010561	0.12486129841011126	0.35335718247986875	2.519714055443388e-17
sum_geomean_normcount_none	1.7073051172405055e-14	1.306638862593833e-07	0.9999986100295195	1.2246571630849416e-12	1.1066422922900343e-06	0.9999882360638443	2.8499746204457544e-12	1.688186784821441e-06	0.999982054393074	0.03148544787128304	0.1774413927788075	3.372117170645414e-05
sum_geomean_normcount_filter0	0.01915550283818188	-0.13840340616538988	0.06390134251048317	0.010452053671622656	-0.10223528584408935	0.17204709418223016	0.014166212043927392	-0.11902189732955609	0.11152327953173853	0.008802110254663868	0.09381956221739615	0.02926282505422377
sum_geomean_normcount_prefix0	0.13606535919383453	0.36887038264658023	3.482371523492118e-07	0.14109238948007413	0.3756226690178245	2.0369337014193153e-07	0.025835618249547478	0.16073462056927088	0.031123304392621905	0.13141378396444423	0.3625103915261523	3.2549395190205033e-18
sum_max_prob_none	0.42516804432054134	0.65204911189307	3.612239005439201e-23	0.3540023782443117	0.5949809898175837	1.281949821241706e-18	0.48817542965371763	0.6986955199897289	1.0993057456470428e-27	0.2672970013398656	0.5170077381818048	3.0640533800004544e-38
sum_max_prob_filter0	0.5087157599336711	0.713243128206414	2.813225885454701e-29	0.47222801297745765	0.6871884843166812	1.7143979291711472e-26	0.5314889235719554	0.7290328686499364	4.030315448928411e-31	0.3014977220553194	0.5490880822375581	7.51634531125845e-44
sum_max_prob_prefix0	0.0003081396222831747	0.017553906183045833	0.8150722017582342	0.0012355426094582973	0.035150286050874426	0.6394628653596426	0.0031193917081376726	0.055851514824019524	0.4564604327333982	0.03866659389803356	0.19663823101836927	4.146623804894589e-06
sum_max_pplx_none	0.12051747320002751	-0.34715626625487767	1.8017696390493034e-06	0.11434603787578229	-0.33815090991417174	3.4394322358719397e-06	0.1313175231997827	-0.3623775975412701	5.765981225610183e-07	0.004036846333778628	-0.06353618129679048	0.14034266743533383
sum_max_count_none	0.0007655551752641676	-0.027668667753691496	0.7123524020698992	0.0066433525366899225	-0.08150676374810818	0.2767185000941492	0.0007214417560545072	-0.026859667832169986	0.7204074382211807	0.020683409959107345	0.14381727976535832	0.0008031503048996652
sum_max_count_filter0	0.009166124461795693	-0.09573987916117135	0.2010818221737623	0.017485076845434447	-0.1322311493008907	0.07681282075059398	0.00846643178805769	-0.09201321529029236	0.21926144111583198	0.00990705895304255	0.09953420996342187	0.02070321736643219
sum_max_count_prefix0	0.1049522444571217	0.32396333813739125	9.148410573047902e-06	0.047726852182471885	0.2184647618781388	0.003216360117703373	0.07141623002815489	0.2672381522690106	0.0002871991962089516	0.11717677189908263	0.34231092868776863	2.729628154129077e-16
sum_max_normcount_none	1.7073051172405055e-14	1.306638862593833e-07	0.9999986100295195	1.2246571630849416e-12	1.1066422922900343e-06	0.9999882360638443	2.8499746204457544e-12	1.688186784821441e-06	0.999982054393074	0.03148544787128304	0.1774413927788075	3.372117170645414e-05
sum_max_normcount_filter0	0.00529216030824267	-0.072747235742966	0.33180052397129556	0.003369894769385038	-0.0580507947351717	0.4388951493362253	0.00461575750420139	-0.06793936638062935	0.36483019472108447	0.017935635723021932	0.1339239923352867	0.0018148943246141943
sum_max_normcount_prefix0	0.10519220397496287	0.32433347649442984	8.923371450815274e-06	0.06500608860915723	0.25496291614499006	0.0005520917970853148	0.06882896719489145	0.2623527533587011	0.0003739226215077477	0.1194812916789325	0.3456606597212539	1.338564785275967e-16
sum_min_prob_none	0.2338360094157617	0.48356593078479143	6.1478159039964064e-12	0.3117736020604933	0.5583669063084714	3.82045261119107e-16	0.3263103903618003	0.5712358447802451	5.589637999080019e-17	0.13982258101338568	0.3739285774227288	2.3063536299130474e-19
sum_min_prob_filter0	0.22872061570719487	0.4782474419243608	1.123364163199114e-11	0.26152448850966525	0.51139465045077	2.2014527447267743e-13	0.2905726668100525	0.539047926264495	5.88290719676658e-15	0.13653626294491783	0.36950813650705694	6.507904028742613e-19
sum_min_prob_prefix0	0.0019563851323941063	-0.04423104263290779	0.555474849563335	0.018933993507204407	0.13760084849739992	0.06547227275734098	0.02973587624014308	-0.17244093551167913	0.020624540248136113	0.025694020093163475	0.1602935435167726	0.00018367868598437035
sum_min_pplx_none	0.1447149309568275	-0.38041415714563975	1.381904123597434e-07	0.12624845132203102	-0.35531458079008105	9.855680343491178e-07	0.1372340421841803	-0.37045113332824386	3.0748640266133737e-07	0.012155298209918251	-0.11025106897403876	0.010350734134683234
sum_min_pplx_filter0	0.1258631997921565	-0.35477203919158634	1.0264533247966638e-06	0.10844221796492347	-0.3293056603900447	6.365690559787757e-06	0.10171638588465766	-0.31893006425336834	1.2794785659253241e-05	0.002611333234346766	-0.0511012058012995	0.2358168022003008
sum_min_count_none	4.3574252047254787e-07	-0.0006601079612249407	0.9929830315916004	4.356669397438505e-05	-0.006600507099790519	0.929925070221259	5.322550461546116e-05	-0.007295581170507334	0.9225676656617007	0.03167077411704761	0.17796284476555102	3.194408501817051e-05
sum_min_count_filter0	0.043693141370162426	-0.20902904432198513	0.004861690809754084	0.021071296413105643	-0.145159555018282	0.051863812448911875	0.02804252080498009	-0.1674590123134019	0.024644059170758095	0.002572352545045251	0.050718364968177464	0.23934939741068434
sum_min_count_prefix0	0.06302127142941163	0.25104037808570084	0.000675843397529941	0.06988424802103455	0.26435628992145155	0.0003357744961212143	0.0015436606881604562	0.039289447542062185	0.6005197820730426	0.08989225934408938	0.29982037846699044	1.1159837537029996e-12
sum_min_normcount_none	1.7073051172405055e-14	1.306638862593833e-07	0.9999986100295195	1.2246571630849416e-12	1.1066422922900343e-06	0.9999882360638443	2.8499746204457544e-12	1.688186784821441e-06	0.999982054393074	0.03148544787128304	0.1774413927788075	3.372117170645414e-05
sum_min_normcount_filter0	0.04389876283279064	-0.20952031603830365	0.004760224765554289	0.0226342490548351	-0.1504468313220159	0.04381225613699325	0.02943916582294398	-0.17157845384238657	0.021276872131390245	0.002208378418483798	0.04699338696544225	0.275669355523711
sum_min_normcount_prefix0	0.08227184328185772	0.28683068748280355	9.470365114913211e-05	0.11974008404923406	0.34603480178911783	1.9549929417296173e-06	0.00843705773503208	0.09185345793726048	0.22006611601567064	0.103490993171074	0.32170016035288823	1.8171473616959304e-14
sum_join_prob_none	0.42641898612150186	0.6530076462963522	2.971313611209955e-23	0.35587619276011156	0.5965535958823076	9.873686307459495e-19	0.5005077846756443	0.7074657480582677	1.239068618879017e-28	0.2699467998495581	0.5195640478801031	1.1505947239688646e-38
sum_join_prob_filter0	0.5085780229587874	0.7131465648510041	2.8846771235452696e-29	0.4727240847352518	0.687549332582944	1.575945405458165e-26	0.5324700982508452	0.7297054873377651	3.341295002667321e-31	0.30200728021731854	0.5495518903773496	6.171478525433423e-44
sum_join_prob_prefix0	2.015155703140345e-05	0.00448904856638948	0.952308855151839	0.001378565698459179	0.03712904117344237	0.6207140250404355	0.0004480233632282143	0.02116656238571144	0.7779186450444665	0.036092003245245	0.1899789547430057	8.7881181117124e-06
sum_join_pplx_none	0.13473185793892842	-0.36705838491843285	4.013076653818245e-07	0.12712559354839356	-0.35654676207812286	8.984078874666072e-07	0.13712123699277556	-0.37029884821961784	3.112041727649542e-07	0.0065948088167877535	-0.08120842823739266	0.059314353781071937
sum_join_count_none	0.00017446661874776504	-0.013208581254160684	0.8603058819602168	0.0017313069651940334	-0.04160897697846023	0.5791722979104474	0.00029849317428006666	-0.017276955006020785	0.817938688516982	0.026186605880124166	0.1618227606986241	0.00015896662878699637
sum_join_count_filter0	0.017039555763241468	-0.1305356493960231	0.08070680891437294	0.015934535470396173	-0.12623206989666363	0.09130696307190246	0.013885204547500286	-0.11783549782429863	0.11516212354214594	0.007574130020951712	0.08702947788509197	0.0432246405859421
sum_join_count_prefix0	0.07332974930245324	0.27079466261810486	0.0002362545819590496	0.0403873644280973	0.2009660778044327	0.00682810039086524	0.04348061687342473	0.2085200634793322	0.004968856643766385	0.09972036241587882	0.3157853106398061	5.72140032101096e-14
sum_join_normcount_none	5.608952579969374e-10	-2.3683227356020068e-05	0.9997482433426511	1.2246571630624355e-12	1.1066422922798656e-06	0.9999882360638443	2.8499746204771817e-12	1.688186784830749e-06	0.999982054393074	0.031485871524021256	0.17744258655695158	3.371699844222902e-05
sum_join_normcount_filter0	0.014484234942729522	-0.12035046714794888	0.10755583464966777	0.008738155742368126	-0.09347810301010674	0.21198054737467054	0.011829495390514089	-0.1087634837181767	0.146122618760528	0.010890245636758491	0.10435633970563787	0.015265013683141346
sum_join_normcount_prefix0	0.08104817503461163	0.2846896117434067	0.00010734395739588428	0.06004670440552872	0.24504429070176012	0.0009151060566971336	0.05344083433601736	0.23117273700853516	0.0017944138281151582	0.10650713228819317	0.3263543048409093	7.238641820424523e-15
mean_sum_prob_none	0.580097482433841	0.7616413082507021	2.2534853178809852e-35	0.44285287775061777	0.6654719210835404	2.1944512462700196e-24	0.6698218673614478	0.8184264581264756	1.0728978298215371e-44	0.5306957642883097	0.728488685079123	1.9700146791137934e-90
mean_sum_prob_filter0	0.7132990122025009	0.8445703121721133	3.6284207920307346e-50	0.5899454728278656	0.7680790798009445	2.703685678207505e-36	0.7125170703233791	0.8441072623330397	4.626236427480572e-50	0.6147573270611262	0.7840646191871727	1.5997162127199704e-113
mean_sum_prob_prefix0	0.003793620726001514	0.06159237555088709	0.4114345858730951	0.13143590602320102	0.3625409025519755	5.694084102375033e-07	0.0566861629340452	0.23808856111549165	0.0012888571829136812	0.11447201259476292	0.3383371286080836	6.28637286704794e-16
mean_sum_pplx_none	0.9599177197621479	-0.9797539077554873	2.8032885019997294e-126	0.9102498667333792	-0.9540701581819752	4.1345314615472407e-95	0.9397022141711897	-0.9693823880034079	1.7230257414873235e-110	0.7695417062772226	-0.87723526278714	1.349989966049396e-173
mean_sum_count_none	0.950007069965093	-0.9746830612897164	9.772246391737037e-118	0.6194489285800471	-0.7870507789082272	3.430835109800892e-39	0.24380510874231268	-0.4937662490919288	1.8785055025477503e-12	0.20909683469859786	-0.4572710735423769	2.9400452044608664e-29
mean_sum_count_filter0	0.9728041356973955	-0.9863083370312732	2.836579779758629e-141	0.9126070522675465	-0.9553046908016031	3.864968790450143e-96	0.9165856993926096	-0.9573848230427562	6.098456046962588e-98	0.5923702148526624	-0.7696559067873529	6.471852533214235e-107
mean_sum_count_prefix0	0.953778024599494	0.9766155971514555	9.073947891773399e-121	0.8693534552554825	0.9323912565310136	1.376815287294649e-80	0.8990791794512096	0.9481978588096525	1.4231133993518069e-90	0.8873078842358887	0.9419702140916605	3.3232894142407006e-257
mean_sum_normcount_filter0	0.9697067955607365	-0.9847369169279359	4.1922651536867842e-137	0.969660615096479	-0.9847134685259865	4.8010634388786155e-137	0.9843219111621129	-0.9921299870289744	1.4474409991034623e-162	0.8000332413163889	-0.8944457732676637	3.4853179944984464e-190
mean_sum_normcount_prefix0	0.9515225998082525	0.9754601989872537	6.306483545279415e-119	0.9357360313915329	0.9673344981915681	5.0059798672284e-108	0.9543458921892255	0.9769062862881094	3.018974151766574e-121	0.9171984352954512	0.9577047746019914	3.216704403962937e-293
mean_mean_prob_none	0.5800974701776627	0.7616413002048029	2.2534911952282776e-35	0.4428528777506176	0.6654719210835403	2.194451246270098e-24	0.6698218673614481	0.8184264581264759	1.0728978298214406e-44	0.5306957446268097	0.728488671584404	1.9700369170611335e-90
mean_mean_prob_filter0	0.7132989915475857	0.8445702999440519	3.628444108766192e-50	0.5899454728278655	0.7680790798009444	2.703685678207603e-36	0.7125170703233793	0.8441072623330398	4.626236427480333e-50	0.6147573225229431	0.7840646162931618	1.599721287837233e-113
mean_mean_prob_prefix0	0.003697231475434826	0.06080486391264128	0.4174517413654858	0.13143590602320093	0.3625409025519754	5.694084102375033e-07	0.056686162934045305	0.23808856111549187	0.001288857182913652	0.11445007554906583	0.33830470813907665	6.32899207274363e-16
mean_mean_pplx_none	0.959933694838694	-0.9797620603180621	2.7055529727951835e-126	0.9102498667333789	-0.954070158181975	4.134531461548095e-95	0.9397022141711902	-0.9693823880034081	1.7230257414862114e-110	0.7694024626869573	-0.8771558941755777	1.5883070951694942e-173
mean_mean_count_none	0.9519924293349861	-0.9757009938167461	2.650011273010161e-119	0.6194489285800476	-0.7870507789082275	3.43083510980049e-39	0.2438051087423128	-0.4937662490919289	1.8785055025477256e-12	0.20900740342547758	-0.4571732750560531	3.031478974572158e-29
mean_mean_count_filter0	0.9730330299398682	-0.9864243660513806	1.3367527323400831e-141	0.9126070522675458	-0.9553046908016027	3.864968790452658e-96	0.9165856993926098	-0.9573848230427563	6.09845604696114e-98	0.5918878739686239	-0.7693424945813301	8.899381443525448e-107
mean_mean_count_prefix0	0.9536513173801281	0.9765507244276296	1.1578071501898987e-120	0.8693534552554822	0.9323912565310135	1.3768152872948316e-80	0.8990791794512094	0.9481978588096523	1.4231133993520508e-90	0.8873577794247764	0.9419966982026935	2.9499822582253536e-257
mean_mean_normcount_filter0	0.9699828604202092	-0.9848770788378666	1.8558016396155852e-137	0.9696606150964788	-0.9847134685259864	4.801063438881693e-137	0.9843219111621122	-0.992129987028974	1.4474409991089076e-162	0.7990158257883974	-0.8938768515787828	1.3658662580535383e-189
mean_mean_normcount_prefix0	0.9513948976012848	0.9753947393754412	7.970806543019615e-119	0.9357360313915332	0.9673344981915682	5.005979867226859e-108	0.9543458921892257	0.9769062862881095	3.0189741517653077e-121	0.9173905606535604	0.9578050744559461	1.721789616877808e-293
mean_median_prob_none	0.547040635579997	0.7396219545010796	1.969732666651905e-32	0.21485834191252803	0.4635281457608891	5.6494306101664544e-11	0.5919916392653125	0.769409929273929	1.7292644350189174e-36	0.49860076876765996	0.706116682119648	1.086603603512354e-82
mean_median_prob_filter0	0.6006363382511437	0.7750073149662161	2.55284821753129e-37	0.4617574294038563	0.679527357362348	9.958415903196833e-26	0.5961571457292533	0.7721121328727151	6.913915273543336e-37	0.4462387459236905	0.6680110372768481	4.616801466775008e-71
mean_median_prob_prefix0	0.011741144495767918	-0.10835656184914653	0.14764655853406702	0.03264779780248429	0.1806870161425117	0.015211882861754561	0.0066930680113969	0.08181117290075299	0.2749225255239033	0.07556106047301135	0.2748837217315921	8.111557463432121e-11
mean_median_pplx_none	0.9621549083275244	-0.9808949527485216	1.6875386491032968e-128	0.9426300769260229	-0.9708913826613268	2.0497577797009345e-112	0.9633435956607028	-0.9815006855120901	9.850890296396874e-130	0.8265373449151667	-0.9091409928691846	8.393796745893441e-207
mean_median_pplx_filter0	0.9423849402172882	-0.9707651313357357	2.996153399250282e-112	0.9286437913468547	-0.9636616581284402	5.590331499283952e-104	0.9375583303048746	-0.9682759577232487	3.8653745713730244e-109	0.7263789775184678	-0.8522786970929567	1.580040369531243e-153
mean_median_count_none	0.9279600061759482	-0.9633068079152914	1.3068469127796648e-103	0.40187007685220744	-0.6339322336434766	1.274555805648876e-21	0.1617134572959274	-0.4021361178704636	2.1976420684917924e-08	0.18120930303328195	-0.4256868603014215	3.5253775285999545e-25
mean_median_count_filter0	0.9676568894689014	-0.983695526811473	1.4248123003955126e-134	0.8847007840644219	-0.9405853411915486	2.0181503393005003e-85	0.9147316623434016	-0.9564160508603992	4.318794033710306e-97	0.6210851315043701	-0.7880895453591362	1.849206246031066e-115
mean_median_count_prefix0	0.9272534911680169	0.9629400246993667	3.116116298849515e-103	0.7599154345755799	0.8717312857616043	4.8685083034555154e-57	0.7803751036466388	0.8833884217300104	1.7336110021863805e-60	0.8182463985952411	0.9045697311955785	2.4024831025570945e-201
mean_median_normcount_filter0	0.9678901250311522	-0.9838140703563617	7.481070591036981e-135	0.9741229764459759	-0.9869766848542958	3.397220347130486e-143	0.9832043037639524	-0.9915665906856445	6.64324130712351e-160	0.7937211052722684	-0.8909102678004494	1.49501116295767e-186
mean_median_normcount_prefix0	0.9355862548839345	0.9672570779704507	6.1589008918207364e-108	0.8867269291419496	0.9416617912721901	4.160940509127848e-86	0.8754032459669746	0.9356298659015618	2.017307501877225e-82	0.8225164179490317	0.9069269088239866	4.00085940402488e-204
mean_geomean_prob_none	0.5520235328066817	0.7429828617180088	7.326853090694104e-33	0.38021088721042856	0.616612428686309	3.1043448785674365e-20	0.6900228636703571	0.8306761484901063	3.836639388769472e-47	0.4706741032608526	0.6860569242131827	2.4022174369810715e-76
mean_geomean_prob_filter0	0.6042219261659421	0.7773171335857342	1.1406684351059832e-37	0.5418500312023704	0.7361046333248897	5.455637189139417e-32	0.6001027498768553	0.7746629911625154	2.8762265384121443e-37	0.41645392572161527	0.6453324149007357	6.3046315074635174e-65
mean_geomean_prob_prefix0	0.5506289505523358	0.7420437659278163	9.673776915635525e-33	0.5642321035216727	0.7511538481041502	6.1981599066564445e-34	0.06582830464204976	-0.2565702723271926	0.0005077164064084663	0.23271172665170134	0.48240203839919804	8.020071608056805e-33
mean_geomean_pplx_none	0.9648001984464214	-0.9822424336417265	2.6661990209308824e-131	0.9555670207638466	-0.9775310842954543	2.701848567578635e-122	0.962730542600552	-0.9811883318713854	4.312187123312009e-129	0.8331340510423858	-0.9127617712428505	2.4702796507406634e-211
mean_geomean_count_none	0.9525644274303781	-0.9759940714114907	9.116369993758203e-120	0.5192318175594577	-0.7205774195459206	4.059868935167931e-30	0.20248708555065315	-0.4499856503830463	2.3363715712773547e-10	0.20001781271802352	-0.44723351028072966	6.475281394622008e-28
mean_geomean_count_filter0	0.9728838377191668	-0.9863487404154612	2.1844109740705894e-141	0.903949103721508	-0.9507623802620232	1.739476822355856e-92	0.9192145354194907	-0.9587567655143252	3.522549121759307e-99	0.655112528325326	-0.8093902200578692	1.8322822369447117e-126
mean_geomean_count_prefix0	0.8842015100673181	0.9403198977301916	2.96542402383107e-85	0.7972547848912328	0.8928912503162033	1.390960124689252e-63	0.3542421020480048	0.59518241073473	1.2398875012241877e-18	0.6673885229836722	0.8169385062436905	1.0589438481155984e-130
mean_geomean_normcount_filter0	0.9684326682039522	-0.984089766334328	1.6412610049189972e-135	0.968098280186987	-0.9839198545547229	4.193102531168816e-135	0.9841155886571515	-0.9920260020065762	4.63434366750507e-162	0.8026960683233173	-0.8959330713414464	9.449047166115425e-192
mean_geomean_normcount_prefix0	0.8850261467965872	0.9407582828742924	1.5690900097143956e-85	0.8358239421498642	0.9142340740477048	9.487773676454215e-72	0.48566244962128274	0.6968948626739063	1.704222799416313e-27	0.7248335591734315	0.8513715752674806	7.196207156746506e-153
mean_max_prob_none	0.5820983750419717	0.762953717496659	1.470610937604041e-35	0.4394095537232437	0.6628797430328096	3.811762953431419e-24	0.6609518653729493	0.8129894620306891	1.1430548782649484e-43	0.5256433693723671	0.725012668421985	3.527907329451892e-89
mean_max_prob_filter0	0.7184468673738728	0.8476124511673202	7.208661591795387e-51	0.5879962244326343	0.766809118642074	4.130138478641885e-36	0.7164523244041201	0.8464350680377793	1.3530032322602365e-50	0.6176643966859262	0.7859162784202438	2.080223106770304e-114
mean_max_prob_prefix0	0.19035936743159199	0.43630192233313847	9.21774561388205e-10	0.19182804232017936	0.4379817830916936	7.813848974715961e-10	0.38033155673154473	0.6167102696822429	3.050541106335194e-20	0.19995362056048274	0.4471617387036627	6.617607610499282e-28
mean_max_pplx_none	0.9379666935640042	-0.9684868060866932	2.1551909020728446e-109	0.8009543203879352	-0.8949605133121434	2.6947215453729063e-64	0.869026183957316	-0.9322157389560187	1.72051956751627e-80	0.6431241366638866	-0.8019502083445621	1.8149930288991486e-122
mean_max_count_none	0.9257049246186678	-0.9621356061484617	2.0329787856482878e-102	0.8028113059033629	-0.8959973805226011	1.1687501547191803e-64	0.4868934088331034	-0.6977774780208253	1.3752196088714678e-27	0.22549957115876706	-0.474867951286215	1.0089778597209725e-31
mean_max_count_filter0	0.9589217841157358	-0.979245517792007	2.492041132691121e-125	0.9250859168682302	-0.9618138680993481	4.255813612810023e-102	0.8907891261042553	-0.9438162565373915	1.6091660574258064e-87	0.42988968353408136	-0.6556597315178669	1.179105145275839e-67
mean_max_count_prefix0	0.9660353051692566	0.9828709504147819	1.1091891467859557e-132	0.8765198812159504	0.9362264048914399	9.047662774209007e-83	0.9434622555312544	0.9713198523304537	5.58133340575556e-113	0.8912712514750936	0.9440716347158692	2.177132343328197e-261
mean_max_normcount_filter0	0.9496557174703758	-0.974502805265524	1.822942935009956e-117	0.950880471347543	-0.9751310021466567	2.034958515389177e-118	0.9740545503344128	-0.9869420197430104	4.29745352071961e-143	0.7846093436863893	-0.885781769786661	1.6858739655252335e-181
mean_max_normcount_prefix0	0.959794898524638	0.9796912261139414	3.6808942519665886e-126	0.9499582249656477	0.9746580041048489	1.065986460693614e-117	0.9737691585625581	0.9867974252918165	1.1379282967051203e-142	0.9501195486041923	0.9747407596916179	0.0
mean_min_prob_none	0.28732422657425605	0.5360263301128556	8.882355320964828e-15	0.37069897302658433	0.6088505342254241	1.2190062931576298e-19	0.39816315308898875	0.6310017060903946	2.2188406970331284e-21	0.17279837960106992	0.4156902447749645	5.639869040144278e-24
mean_min_prob_filter0	0.2809437742389454	0.5300412948430956	1.9848694526992444e-14	0.32614926673054173	0.5710947966235919	5.711243242183233e-17	0.37408043289404874	0.6116211514442979	7.513430157787194e-20	0.16510153101993782	0.40632687705828396	6.96548048595644e-23
mean_min_prob_prefix0	0.14488982711659154	-0.38064396372015613	1.3562144056768463e-07	0.31049883043990806	0.5572242191792349	4.513381826456311e-16	0.42390248748611165	-0.6510779427120164	4.39957859734327e-23	6.045535175679422e-06	-0.0024587670031297033	0.954541796580634
mean_min_pplx_none	0.9604631105380251	-0.9800321987251364	8.279476117428356e-127	0.9628459843882087	-0.981247157645926	3.271607593817427e-129	0.9643455700111129	-0.9820109826326348	8.356335952387077e-131	0.8098236916170012	-0.8999020455677391	4.731929429432815e-196
mean_min_pplx_filter0	0.9639646923735871	-0.9818170360986751	2.151851041789317e-130	0.9599578229577209	-0.9797743734951027	2.5642897221307394e-126	0.9541145836791023	-0.9767878908335741	4.7342378941510145e-121	0.8711416520795922	-0.9333496944230454	1.5362511221012945e-241
mean_min_count_none	0.05710338134917027	-0.2389631380551617	0.0012351955602452232	0.06130125421276928	-0.24759090090867492	0.0008052983777737488	0.04805814408809248	-0.21922167796112793	0.0031092142802815813	0.010900542570987538	0.10440566350053783	0.015216585056742704
mean_min_count_filter0	0.9806459678204749	-0.9902757029335189	2.0089827354271993e-154	0.8917979690662651	-0.9443505541197427	7.041194106505829e-88	0.9146357780943368	-0.9563659226960864	4.773368588175741e-97	0.8371283463873846	-0.9149471822938112	3.6411267407608685e-214
mean_min_count_prefix0	0.8469119846327382	0.9202782104520014	1.8686676805009754e-74	0.7585121675990364	0.8709260402577457	8.185619301355606e-57	0.04664098831284915	0.21596524792857102	0.0035942943046897097	0.52455437924587	0.7242612644936011	6.544176226367569e-89
mean_min_normcount_filter0	0.978919833535101	-0.9894037767944395	4.031659117920881e-151	0.9608761014253527	-0.980242878793492	3.251152094680847e-127	0.9781377758504035	-0.9890084811822412	1.0319595547789978e-149	0.8008827040556379	-0.8949205015282854	1.108358149505515e-190
mean_min_normcount_prefix0	0.8678039839262668	0.9315599733384141	3.935294003732811e-80	0.8334819909326705	0.9129523486648525	3.3514977566863198e-71	0.21617005196253014	0.46494091233459994	4.8541841268321355e-11	0.6183565157060535	0.7863564813149654	1.2770117954670786e-114
mean_join_prob_none	0.5800657645086796	0.7616204858777629	2.268746234586172e-35	0.44285287775061777	0.6654719210835404	2.1944512462700196e-24	0.6698218673614481	0.8184264581264759	1.0728978298214406e-44	0.5307184802701369	0.7285042760822594	1.9444883353133577e-90
mean_join_prob_filter0	0.7132638717775464	0.8445495081861965	3.668304862733717e-50	0.5899454728278655	0.7680790798009444	2.703685678207603e-36	0.7125170703233793	0.8441072623330398	4.626236427480333e-50	0.6147977261018484	0.7840903813348614	1.5551671408826528e-113
mean_join_prob_prefix0	0.0038354901375541235	0.061931334052756554	0.4088604912988347	0.13143590602320104	0.3625409025519756	5.694084102374965e-07	0.05668616293404529	0.23808856111549184	0.001288857182913652	0.11452703887270614	0.3384184375484086	6.180722567017676e-16
mean_join_pplx_none	0.9599233610284166	-0.9797567866712721	2.768382890735826e-126	0.9102498667333792	-0.9540701581819752	4.1345314615472407e-95	0.9397022141711899	-0.969382388003408	1.723025741486759e-110	0.7694348550083118	-0.8771743583850999	1.5293737886403957e-173
mean_join_count_none	0.9523497768368324	-0.9758841001045321	1.36263890667125e-119	0.6194489285800473	-0.7870507789082273	3.430835109800759e-39	0.2438051087423125	-0.4937662490919286	1.8785055025477753e-12	0.20895615950027	-0.45711722730637705	3.0851415332692093e-29
mean_join_count_filter0	0.973032707560604	-0.9864242026433678	1.3381759501541887e-141	0.9126070522675456	-0.9553046908016026	3.864968790453477e-96	0.9165856993926103	-0.9573848230427565	6.098456046958431e-98	0.5918524134309876	-0.7693194482339489	9.110100327185832e-107
mean_join_count_prefix0	0.9536473823955179	0.9765487096891368	1.1665907556003866e-120	0.8693534552554822	0.9323912565310135	1.3768152872948316e-80	0.8990791794512094	0.9481978588096523	1.4231133993520508e-90	0.8873506183848854	0.9419928972051145	3.0008748229581802e-257
mean_join_normcount_filter0	0.9699587452411791	-0.9848648360263347	1.9933191905104842e-137	0.969660615096479	-0.9847134685259865	4.8010634388786155e-137	0.9843219111621122	-0.992129987028974	1.4474409991089076e-162	0.7990562735381099	-0.8938994761929945	1.293850141767601e-189
mean_join_normcount_prefix0	0.9513950558351999	0.9753948204881959	7.968496761312001e-119	0.9357360313915334	0.9673344981915684	5.005979867225416e-108	0.9543458921892253	0.9769062862881093	3.0189741517678813e-121	0.9173792681736811	0.9577991794597034	1.7862874060678e-293
median_sum_prob_none	0.4410062951384691	0.6640830483745758	2.9519328878511426e-24	0.36553834412444774	0.6045976712859947	2.5388671570255347e-19	0.473331191371781	0.6879906913409374	1.4214740892997337e-26	0.3117206145207296	0.5583194556172385	1.4009651868064276e-45
median_sum_prob_filter0	0.4775387650009253	0.6910417968552447	6.931496460748113e-27	0.38510454023734453	0.6205679175056865	1.5236097616498218e-20	0.4934228926238749	0.7024406684011646	4.37040956173926e-28	0.3146837746339011	0.5609668213307282	4.368763233115886e-46
median_sum_prob_prefix0	0.00035444287775611335	0.01882665338704979	0.8019311685217798	0.04118844365119528	0.20294936228329294	0.006287922549363368	0.062216173750408846	0.2494317015746171	0.0007336211702070255	0.10062981533082405	0.31722202844510033	4.340334242962274e-14
median_sum_pplx_none	0.9705464611012617	-0.9851631647099184	3.433798301733963e-138	0.9506557470810703	-0.9750157676063861	3.0551937849988103e-118	0.962791099987818	-0.9812191905929164	3.731031048935705e-129	0.8352030574178465	-0.9138944454464347	8.602286754379987e-213
median_sum_pplx_filter0	0.9418485852122962	-0.9704888382729068	6.836693423980775e-112	0.9182969988482917	-0.9582781427374266	9.629349687853003e-99	0.9007416726161401	-0.9490741133421247	3.242001971157144e-91	0.6802356091982613	-0.8247639718114882	2.623836392413392e-135
median_sum_count_none	0.6452306575264763	-0.8032625084780668	6.53352020986104e-42	0.4240898066931166	-0.6512217799591139	4.273145572685256e-23	0.2663191457068862	-0.5160611840730576	1.222209945506255e-13	0.19186878617987857	-0.43802829381203057	1.0095947012630838e-26
median_sum_count_filter0	0.9656144080420378	-0.9826568109172387	3.320024752679686e-132	0.8812208564039974	-0.9387336450793683	2.8518716903683583e-84	0.919653540671561	-0.9589856832463981	2.1683909335693715e-99	0.6272206510318004	-0.7919726327543145	2.2788025516588467e-117
median_sum_count_prefix0	0.8081755584742522	0.8989858499855558	1.0005695862538578e-65	0.7998291223765791	0.8943316624030366	4.453477081011404e-64	0.747035731086407	0.8643122879413476	5.1392923007311926e-55	0.7776333534518634	0.8818352189904094	8.963238350423008e-178
median_sum_normcount_filter0	0.971875644166014	-0.9858375343665984	5.63112202892601e-140	0.963988415650992	-0.981829117337122	2.0293290365105472e-130	0.9749366490748462	-0.9873888033975503	1.9772104909256587e-144	0.7939474626751319	-0.8910372958945837	1.1125404730699703e-186
median_sum_normcount_prefix0	0.9354620555422128	0.9671928740133546	7.31117515455011e-108	0.9025234171925385	0.9500123247582309	6.460364072984047e-92	0.8944231026593826	0.9457394475538083	7.901251874624835e-89	0.8390614218767524	0.9160029595349309	1.4651401432995658e-215
median_mean_prob_none	0.44100188382813693	0.6640797270118528	2.9540212985971764e-24	0.3655383441244476	0.6045976712859946	2.5388671570256146e-19	0.473331191371781	0.6879906913409374	1.4214740892997337e-26	0.311717330830779	0.5583165149185353	1.4027715866333838e-45
median_mean_prob_filter0	0.4775371794852725	0.6910406496619953	6.933380079786203e-27	0.38510454023734453	0.6205679175056865	1.5236097616498218e-20	0.4934228926238749	0.7024406684011646	4.37040956173926e-28	0.3146827188727638	0.5609658803107046	4.370581299390691e-46
median_mean_prob_prefix0	0.0002681343663290783	0.01637480889442922	0.8272925966659733	0.04118844365119521	0.20294936228329274	0.006287922549363445	0.06221617375040894	0.2494317015746173	0.0007336211702070255	0.10044219701679084	0.3169261696622588	4.5949738187103846e-14
median_mean_pplx_none	0.9704401178073723	-0.9851091908044368	4.7326290806671467e-138	0.9506557470810696	-0.9750157676063858	3.055193785002405e-118	0.9627910999878178	-0.9812191905929163	3.731031048937687e-129	0.8350744004528974	-0.9138240533346107	1.0612484685279725e-212
median_mean_pplx_filter0	0.9416297993727121	-0.9703761123258919	9.550940182430965e-112	0.9182969988482915	-0.9582781427374265	9.629349687855333e-99	0.9007416726161405	-0.9490741133421249	3.242001971155974e-91	0.6804314745986103	-0.8248827035394852	2.2248137348572233e-135
median_mean_count_none	0.6489954942588907	-0.8056025659460692	2.520771111910459e-42	0.4240898066931166	-0.6512217799591139	4.273145572685256e-23	0.2663191457068864	-0.5160611840730578	1.2222099455062218e-13	0.19174041174385578	-0.4378817325989471	1.0540138336968966e-26
median_mean_count_filter0	0.9659372851419963	-0.9828210850108967	1.433555947216605e-132	0.8812208564039972	-0.9387336450793682	2.851871690368833e-84	0.9196535406715612	-0.9589856832463982	2.1683909335688387e-99	0.6263312788846219	-0.7914109418529807	4.3291351343279205e-117
median_mean_count_prefix0	0.8054560776155065	0.8974720483756062	3.5082518775040164e-65	0.7998291223765794	0.8943316624030369	4.453477081010579e-64	0.7470357310864072	0.8643122879413477	5.139292300730891e-55	0.7774891801817844	0.8817534690500426	1.067149034272724e-177
median_mean_normcount_filter0	0.9719486225436226	-0.9858745470614517	4.468398840331302e-140	0.9639884156509918	-0.9818291173371219	2.0293290365116263e-130	0.9749366490748462	-0.9873888033975503	1.9772104909256587e-144	0.7934820127110939	-0.8907760732704342	2.0419271352843595e-186
median_mean_normcount_prefix0	0.9351711236946704	0.967042462198362	1.091197633264583e-107	0.9025234171925387	0.950012324758231	6.460364072982821e-92	0.8944231026593831	0.9457394475538086	7.901251874622059e-89	0.839318890381579	0.9161434878781702	9.522850170726161e-216
median_median_prob_none	0.3952627593793483	0.628699259884524	3.415841328414196e-21	0.21616966841749657	0.4649404998679902	4.854399633784625e-11	0.31252993992013306	0.5590437728122307	3.460234356030757e-16	0.23512809621312838	0.4849000888978351	3.4156962586541736e-33
median_median_prob_filter0	0.45160342137972453	0.6720144502759777	5.312395724169388e-25	0.2377357037426293	0.48758148420815706	3.872997064691733e-12	0.3289781570746176	0.5735661749742723	3.911185101747941e-17	0.278262576928767	0.527505997054789	5.200792292486942e-40
median_median_prob_prefix0	0.5587396785615815	-0.7474889153436199	1.8987778214130758e-33	0.11990615477197843	0.3462746811015475	1.921210234530444e-06	0.002585586252919932	0.05084866028638249	0.4978399670018142	0.010578567426497874	0.10285216296460602	0.01680834647688923
median_median_pplx_none	0.9707025606632533	-0.9852423867573163	2.1396576394819694e-138	0.9523905551977873	-0.9759049929156973	1.2626397021978246e-119	0.9719841518390749	-0.9858925660735428	3.99169145421009e-140	0.8212451919982582	-0.9062257952620076	2.7306478946380914e-203
median_median_pplx_filter0	0.9643678548938521	-0.9820223291218241	7.903961412658928e-131	0.9483735915112038	-0.9738447471292351	1.7104068253028105e-116	0.9461274285132246	-0.9726908185611832	7.581128401340303e-115	0.8410135483508145	-0.9170679082547892	5.4911724640583474e-217
median_median_pplx_prefix0	0.07486901682566637	-0.27362203278549474	0.00020189677528990386	0.4165716439437624	-0.6454236158863126	1.367253619669661e-22	0.348673182979671	-0.5904855484935012	2.683003239695499e-18	0.26443620423841613	-0.5142336086239562	8.787197497622864e-38
median_median_count_filter0	0.6763337223684838	-0.8223951132931687	1.813701220996516e-45	0.8160894267392843	-0.9033766804269879	2.342638620381771e-67	0.6887846512822315	-0.8299305099116622	5.475509838662203e-47	0.551269239552571	-0.7424750767214823	1.11996474675502e-95
median_median_normcount_filter0	0.9303273671075066	-0.964534793103653	6.670517171114424e-105	0.9515215778722825	-0.9754596751646285	6.318329974963522e-119	0.9610248092661852	-0.9803187284073406	2.3163766601483247e-127	0.7662610630475126	-0.875363389140483	6.061360458651417e-172
median_median_normcount_prefix0	0.8505913599943248	0.9222750999535468	2.1393175153930232e-75	0.8201367806036932	0.905614035118545	3.224925413000268e-68	0.6925083212496125	0.8321708485939726	1.870735689867651e-47	0.46788939828605747	0.6840244135161094	9.882797714602073e-76
median_geomean_prob_none	0.38427552259061654	0.619899606864383	1.7195132881583397e-20	0.2309233836464293	0.4805448820312514	8.669286685507126e-12	0.3215005612810955	0.5670101950415843	1.0604294177898362e-16	0.230017646785115	0.4796015500236785	2.070819761677013e-32
median_geomean_prob_filter0	0.44592403253543245	0.6677754357083169	1.33724218578307e-24	0.2199328125335325	0.4689699484333005	3.13723819534691e-11	0.38484337440793714	0.6203574569616594	1.5828156297360358e-20	0.2717655314436884	0.5213113574858008	5.8624877839951927e-39
median_geomean_pplx_none	0.9711102357845146	-0.9854492558140752	6.1465277954852094e-139	0.9586628388533648	-0.9791132921441547	4.360144073090078e-125	0.9722081031986562	-0.9860061375055716	1.953845905066933e-140	0.8249369647053008	-0.9082604057787066	9.937436917586912e-206
median_geomean_pplx_filter0	0.9617992433240921	-0.9807136398175015	3.8804941349655854e-128	0.9602586114599627	-0.9799278603346079	1.3105587417765347e-126	0.9249743111115782	-0.9617558479736831	4.859024091085682e-102	0.8345316537672929	-0.9135270405233186	2.569103407940178e-212
median_geomean_count_none	0.9095697366592291	-0.9537136554853501	8.098234537173373e-95	0.3242980663391735	-0.5694717432315439	7.310823475250262e-17	0.1670549723450368	-0.40872358917125984	1.2253044621104542e-08	0.18099309914542544	-0.42543283740847443	3.787073342994277e-25
median_geomean_count_filter0	0.9736913673349785	-0.98675800849802	1.4811223599799822e-142	0.8900193031881641	-0.9434083438194535	3.0080725161100894e-87	0.9278677459985338	-0.9632589195011556	1.4645880559743313e-103	0.6873506230336149	-0.8290661149954296	6.135904170479825e-138
median_geomean_normcount_filter0	0.9697288207523395	-0.9847481001516781	3.9294421361198467e-137	0.9625341915216926	-0.9810882689756781	6.884031175163509e-129	0.9752132704035922	-0.9875288706683932	7.362416383371171e-145	0.7930571493210672	-0.8905375619933542	3.550178585105636e-186
median_max_prob_none	0.44138544750683056	0.6643684576399083	2.777784996016593e-24	0.37069403031281273	0.6088464751584037	1.2198666114997648e-19	0.4654923050612689	0.682269964941495	5.337505037718432e-26	0.3121738287062095	0.5587251817362535	1.1726375811852388e-45
median_max_prob_filter0	0.4733475895012188	0.688002608644196	1.417516489046925e-26	0.3858922722139756	0.6212022796271562	1.3579815369548228e-20	0.4862030712141131	0.6972826336673767	1.5511055334992129e-27	0.3121682870818848	0.5587202225460296	1.1751920449066591e-45
median_max_prob_prefix0	0.3273186496464695	0.5721176886327406	4.884771280291128e-17	0.09166449398311313	0.3027614473196895	3.611120421680494e-05	0.2410897938748273	0.49100895498435393	2.598266874821205e-12	0.19873962827805802	0.44580223000570335	9.980130186996405e-28
median_max_pplx_none	0.9672319614791711	-0.983479517569721	4.553682302278571e-134	0.9234127623019232	-0.9609436832103758	3.041882307128811e-101	0.9378227630490044	-0.9684124963304658	2.649086699793928e-109	0.7988713003750868	-0.8937960060187597	1.6573901663047294e-189
median_max_pplx_filter0	0.9217947379070354	-0.9601014206358802	1.9570430355246962e-100	0.8838620481570731	-0.9401393769846432	3.848680667523964e-85	0.8569321242768595	-0.9257062840214814	4.492565833900218e-77	0.5211741261284042	-0.7219239060513263	4.4146570147563965e-88
median_max_count_none	0.6445343503098064	-0.8028289670345773	7.783343851147486e-42	0.6176775096218778	-0.7859246208268817	5.194151221997833e-39	0.5896857606210407	-0.7679099951303152	2.8610343307944242e-36	0.2560636228740133	-0.5060272945938917	1.8749775364953436e-36
median_max_count_filter0	0.88266241283658	-0.9395011510565487	9.611900901782127e-85	0.8185581098335856	-0.9047420128597906	7.025951035727478e-68	0.8537459403985239	-0.9239837338387099	3.19631195986103e-76	0.4875897725420112	-0.6982762866817197	3.790216806292699e-80
median_max_count_prefix0	0.688030204483001	0.8294758613021846	6.795882504199062e-47	0.5108028273618511	0.7147047134039701	1.9221304133020997e-29	0.6622327917233953	0.813776868510893	8.153587682185167e-44	0.6315893853269953	0.7947259812834832	9.528094335780743e-119
median_max_normcount_filter0	0.9231027468611854	-0.9607823618599508	4.3587090654366056e-101	0.9290149154396082	-0.9638541982268938	3.513960302684707e-104	0.9464714419878423	-0.9728676384729026	4.285913768660591e-115	0.7825196812203885	-0.8846014250612467	2.266447853082131e-180
median_max_normcount_prefix0	0.8733533477138902	0.934533759536749	8.630113313266199e-82	0.817637575385095	0.9042331421625149	1.1029352730382581e-67	0.8942388103729273	0.9456420096278122	9.228934656909643e-89	0.8415335218352694	0.9173513622572702	2.2741668279948293e-217
median_min_prob_none	0.3315267439356873	0.5757835912351856	2.7771725770069977e-17	0.1358551672738324	0.36858535954895494	3.5611478920202375e-07	0.20878936300230164	0.4569347469850609	1.1364592835189777e-10	0.17906068282497983	0.42315562482965985	7.176432834029777e-25
median_min_prob_filter0	0.3962821230950984	0.6295094305052931	2.9359263163988596e-21	0.16446252331220151	0.40553979251388084	1.6276191670360623e-08	0.2274895195484615	0.4769586140835088	1.298035543790031e-11	0.2198874513128802	0.4689215833301771	7.12430995334278e-31
median_min_pplx_none	0.9609434898133596	-0.9802772515025326	2.7886171834131903e-127	0.9561113405008097	-0.9778094602225986	9.018022856095498e-123	0.9653355333681182	-0.9825149023643958	6.814230782510177e-132	0.7722124014908479	-0.8787561672562235	5.85911813810423e-175
median_min_pplx_filter0	0.9687850775413359	-0.9842688034989913	6.041848784156658e-136	0.9671026535174722	-0.9834137753344073	6.465753040947211e-134	0.9538212892174325	-0.9766377471803107	8.348153490436468e-121	0.8886085206931936	-0.9426603421663572	1.462417781237474e-258
median_min_pplx_prefix0	0.3906218960743794	-0.6249975168545707	6.783977504237333e-21	0.24972221859160956	-0.4997221413862003	9.229646569029099e-13	0.3487149219912924	-0.5905208903936358	2.667589271706172e-18	0.2722984060007139	-0.5218221976887472	4.81000873959919e-39
median_min_count_filter0	0.7875453793547974	-0.8874375354664673	8.995471170571307e-62	0.6591090428760565	-0.81185530907672	1.854300463517457e-43	0.810750408262022	-0.9004167969679497	3.0007220545449595e-66	0.756202920532536	-0.8695992873344228	5.0984151776266244e-167
median_min_normcount_filter0	0.9624198107622493	-0.981029974446372	9.030074642899913e-129	0.9146119434760783	-0.9563534615800156	4.89351778832532e-97	0.932393768082177	-0.9656053894227067	4.570510356316012e-106	0.7790758235972123	-0.8826527197019292	1.5551142170970204e-178
median_join_prob_none	0.4040098492407925	0.6356176911011779	9.240862418300111e-22	0.2559771404502696	0.5059418350465492	4.329574741207884e-13	0.39336630455806204	0.6271892095357365	4.5241540681547575e-21	0.22912784366029085	0.4786730028529819	2.830725702842207e-32
median_join_prob_filter0	0.4416876689830723	0.6645958689181511	2.6462833672982e-24	0.33043332204766984	0.5748332993552738	3.217134111489626e-17	0.35766892162702135	0.5980542798333788	7.685879733381347e-19	0.2617215545561014	0.5115872892831695	2.3791308554000146e-37
median_join_prob_prefix0	0.5249881449700133	-0.7245606565153903	1.3822437956642995e-30	0.4286011876610893	0.6546763991935934	2.1112237215362123e-23	0.13892172469325773	0.3727220475008927	2.5684612239628044e-07	0.05812830299119385	0.24109811901214379	1.3988012462666477e-08
median_join_pplx_none	0.9696187539369693	-0.9846922127939112	5.428012509015438e-137	0.9589774699832491	-0.9792739504261558	2.208564245945798e-125	0.9701752176435758	-0.9849747294441497	1.0471263033833197e-137	0.8315511297411677	-0.9118942535958694	3.134436503185096e-210
median_join_pplx_filter0	0.9715222797672933	-0.9856582976707969	1.7111478168449635e-139	0.9664981552261553	-0.983106380421852	3.270033890804868e-133	0.953444086809723	-0.9764446153314191	1.7223300369322138e-120	0.8487727927897946	-0.9212886587762787	7.802969186624005e-223
median_join_count_filter0	0.6801935675673101	-0.824738484349621	6.2178033917392015e-46	0.8310178357504154	-0.9116017967020553	1.2406889890177833e-70	0.6851176184584169	-0.8277183207217398	1.5571831464637725e-46	0.5542424958117468	-0.7444746441697976	1.8680699497529828e-96
median_join_normcount_filter0	0.9322759863637919	-0.9655443989603958	5.336690649957737e-106	0.9527119743179882	-0.9760696564887099	6.908357885791869e-120	0.96897886048903	-0.9843672386304971	3.470765014915931e-136	0.7777317237110526	-0.8818909931000841	7.956923661724433e-178
median_join_normcount_prefix0	0.8627161023377947	0.9288251193512128	1.1374898138368827e-78	0.6729845997051616	0.8203563857892261	4.5448875676422073e-45	0.49842112902909735	0.7059894680723625	1.7993607765764208e-28	0.4419810544625924	0.6648165570009462	3.640840860089704e-70
geomean_sum_prob_none	0.44883462976057475	0.6699512144630941	8.341680170043578e-25	0.36138202553152765	0.6011505847385725	4.56491924304082e-19	0.4863639524105376	0.697397987099574	1.50822572704931e-27	0.2843842803948535	0.5332769265539749	5.203302107800968e-41
geomean_sum_prob_filter0	0.49874535138330517	0.7062190533986641	1.6981932158918282e-28	0.41679069649114786	0.6455932903083395	1.3219738751376002e-22	0.48497549777933213	0.6964018220677859	1.9205098415018964e-27	0.3125328421749459	0.5590463685374818	1.0184127843506123e-45
geomean_sum_pplx_none	0.9689907945270974	-0.9843733003932489	3.3538987321616976e-136	0.9537553763328092	-0.9766040018005298	9.478418978194921e-121	0.9636203130712527	-0.9816416418791802	5.0179148672283824e-130	0.8265966026535206	-0.9091735822457231	7.656436563874738e-207
geomean_sum_count_none	0.9458286223148117	-0.9725372087045367	1.2404954500554638e-114	0.5514992351219037	-0.742629944940213	8.134495910563944e-33	0.23588879651608421	-0.4856838441991706	4.821759247199054e-12	0.20338776824054455	-0.45098533040504163	2.0631210889093577e-28
geomean_sum_count_filter0	0.9709350883627272	-0.9853603850179523	1.0526752804170971e-138	0.908925199741523	-0.9533756865693204	1.5242522394648226e-94	0.9167021750883917	-0.9574456512452243	5.384964527744333e-98	0.6212738653186108	-0.788209277615159	1.6170213919382293e-115
geomean_sum_normcount_none	0.0068087685710875	-0.08251526265538697	0.27079877541620667	1.1328083657264222e-07	0.000336572186273082	0.9964221932224958	2.636227664023404e-07	0.0005134420769690972	0.9945420670027121	0.037255489639320474	0.19301681180488003	6.25858942078998e-06
geomean_sum_normcount_filter0	0.9675773884009299	-0.9836551165936819	1.772833208467464e-134	0.9682856558803679	-0.98401506892952	2.4819881737514118e-135	0.9835429912108613	-0.9917373599955087	1.083710446834322e-160	0.8025160824759423	-0.8958326196762106	1.2076996781525566e-191
geomean_mean_prob_none	0.4488113299125391	0.6699338250249341	8.373335214439114e-25	0.36138202553152804	0.6011505847385729	4.564919243040535e-19	0.4863639524105373	0.6973979870995738	1.5082257270493682e-27	0.2843849254602776	0.5332775313664336	5.202034738030987e-41
geomean_mean_prob_filter0	0.49872388516399524	0.7062038552457748	1.704713850551741e-28	0.4167906964911477	0.6455932903083393	1.321973875137645e-22	0.48497549777933213	0.6964018220677859	1.9205098415018964e-27	0.3125367371652812	0.559049852128843	1.0168555606315263e-45
geomean_mean_pplx_none	0.9689816610450357	-0.984368661145323	3.442983585860818e-136	0.9537553763328094	-0.9766040018005299	9.478418978190993e-121	0.9636203130712534	-0.9816416418791806	5.017914867220375e-130	0.8264516388105252	-0.9090938558864674	9.587132768827622e-207
geomean_mean_count_none	0.948097339253698	-0.9737029009167519	2.7506670385362226e-116	0.5514992351219042	-0.7426299449402133	8.134495910563134e-33	0.23588879651608524	-0.48568384419917165	4.8217592471984195e-12	0.20329075273790728	-0.4508777580873859	2.1323240445282644e-28
geomean_mean_count_filter0	0.9711468683288722	-0.9854678423616228	5.490086904707635e-139	0.9089251997415232	-0.9533756865693205	1.5242522394644918e-94	0.9167021750883912	-0.9574456512452241	5.384964527746729e-98	0.6207801110400902	-0.7878960026806141	2.296656286289132e-115
geomean_mean_normcount_filter0	0.9678102530865546	-0.9837734765110079	9.332710779486706e-135	0.9682856558803679	-0.98401506892952	2.4819881737514118e-135	0.9835429912108614	-0.9917373599955088	1.0837104468330408e-160	0.8016517349652508	-0.8953500628051861	3.911980684453029e-191
geomean_median_prob_none	0.4097703693263446	0.6401330871985486	3.8664317597332113e-22	0.24781153396261213	0.49780672350081023	1.1616944699970715e-12	0.3454059152836256	0.5877124426823254	4.207369582061974e-18	0.23207871043036513	0.48174548304095716	1.0025410435928419e-32
geomean_median_prob_filter0	0.44400266554311935	0.6663352501129738	1.8235904867721698e-24	0.2716722381765354	0.5212218703935354	6.308734209325818e-14	0.3419609493700477	0.5847742721512701	6.7453411025203916e-18	0.25952837813557766	0.5094392781633329	5.305840747134234e-37
geomean_median_pplx_none	0.9695343174317848	-0.9846493372931222	6.949186306209686e-137	0.9573332378712572	-0.9784340743613017	7.3023588776080515e-124	0.9713992082019766	-0.9855958645418398	2.511870507472578e-139	0.8296298625101034	-0.9108401959235788	6.631081997826969e-209
geomean_median_pplx_filter0	0.9657097538555671	-0.9827053240191421	2.5929538829492133e-132	0.9622640344436449	-0.9809505769627973	1.3050133474976658e-128	0.9603647146599571	-0.9799819971101291	1.0329980705227182e-126	0.8232509561130232	-0.9073317784102038	1.3105728909740022e-204
geomean_median_count_none	0.917789479889093	-0.9580132983884373	1.671363574274662e-98	0.28899891737656364	-0.5375861952994735	7.184185120631175e-15	0.1649857689300221	-0.406184402617853	1.5370608545634262e-08	0.17374557753149722	-0.41682799513887886	4.132924040553687e-24
geomean_median_count_filter0	0.965057529913178	-0.9823734167378401	1.3874801024834948e-131	0.8860239712896069	-0.9412884633785792	7.219230031563512e-86	0.9094526766203882	-0.9536522828685454	9.086990171565942e-95	0.661526599445282	-0.8133428547945092	1.1688679295391728e-128
geomean_median_normcount_filter0	0.964990908884333	-0.9823395079524864	1.643862187392788e-131	0.9727791850493576	-0.9862956884471095	3.077835750918273e-141	0.9821739902503763	-0.9910469162710595	1.3298435166062328e-157	0.7962374991925688	-0.8923214102511319	5.496000304300961e-188
geomean_geomean_prob_none	0.3982351530348201	0.6310587556122014	2.1951466059917622e-21	0.23491838956304356	0.484683803693752	5.40901517230595e-12	0.35424430319836503	0.595184259871147	1.2395076794538825e-18	0.22361824053785118	0.4728829036218704	1.9458374359813242e-31
geomean_geomean_prob_filter0	0.01762237786365134	0.13274930456936992	0.07565356386392318	0.11225080329659848	0.3350385101695005	4.28062723044425e-06	0.1606634056152899	0.4008283992125432	2.4641761152277558e-08	0.06887749119093961	0.2624452155992553	5.886792174624806e-10
geomean_geomean_pplx_none	0.9692139169482668	-0.9844866260890834	1.7635124674635038e-136	0.961003904454994	-0.9803080660970784	2.4296284676956845e-127	0.9692451752918205	-0.9845025014147097	1.6110407958400888e-136	0.82954164735605	-0.9107917694819436	7.622231083431201e-209
geomean_geomean_count_none	0.9477662410007724	-0.9735328659068334	4.845076213525961e-116	0.45026163709506556	-0.6710153776889659	6.612680984074542e-25	0.19623778639141298	-0.442987343376098	4.750109087612325e-10	0.1891796762974515	-0.4349479006702429	2.4845793129194085e-26
geomean_geomean_count_filter0	0.5072497259080537	-0.7122146628005167	3.6727186872789976e-29	0.4288764982282901	-0.6548866300576689	2.021950250174025e-23	0.42688618518757543	-0.6533652769986904	2.761979581475298e-23	0.4841441727577849	-0.6958046944062571	2.3074413864735858e-79
geomean_geomean_normcount_filter0	0.5020445561355031	-0.7085510257811382	9.404608146393982e-29	0.40844588095582185	-0.6390977084576519	4.727529263474447e-22	0.4255497955621168	-0.652341778182355	3.403366235430799e-23	0.4739035327974769	-0.6884065171085155	4.615327580444095e-77
geomean_max_prob_none	0.4501338379005107	0.670920142714847	6.751842181357333e-25	0.36371768045848973	0.6030901097336033	3.2843616809627596e-19	0.48893489064645246	0.6992387937224682	9.6248169964082e-28	0.28574715791465494	0.5345532320682899	3.1084963672885296e-41
geomean_max_prob_filter0	0.500166752669628	0.7072246833005957	1.3171075610627253e-28	0.4182272349639341	0.6467049056284745	1.0596704492990511e-22	0.4877878806344771	0.6984181273667495	1.176367912164459e-27	0.3136929093435496	0.5600829486277453	6.453945647131073e-46
geomean_max_pplx_none	0.9661234750998192	-0.982915802650369	8.800699172926665e-133	0.9475785738707383	-0.9734364765462297	6.667532432656671e-116	0.947967460718133	-0.9736362055296285	3.436116657932663e-116	0.8020799021798374	-0.8955891369259887	2.186866849650512e-191
geomean_max_count_none	0.9289500482172517	-0.9638205477251726	3.811682035286588e-104	0.753345141112061	-0.8679545731845999	5.405274304416293e-56	0.48298313806088417	-0.69496988284449	2.71348332941036e-27	0.22387889861384663	-0.47315842866195107	1.776760190807884e-31
geomean_max_count_filter0	0.9607243367681725	-0.9801654639744111	4.588979017067559e-127	0.9215943619947153	-0.9599970635344232	2.457843660391163e-100	0.9000002614458572	-0.9486834358445694	6.289701741855634e-91	0.46084169601246405	-0.6788532212580743	3.4302014196232303e-74
geomean_max_normcount_filter0	0.949809348431384	-0.9745816273824291	1.3886943616960592e-117	0.9516450154633728	-0.9755229446114391	5.035368255988213e-119	0.9744364638216032	-0.9871354840251683	1.1480022987326353e-143	0.7889057253846266	-0.8882036508507644	7.443648327462331e-184
geomean_min_prob_none	0.3069815271745625	0.5540591368929516	7.1378017686126475e-16	0.11395798925500485	0.33757664204592835	3.5817612300577472e-06	0.22422004870071333	0.4735187944535183	1.903397591733061e-11	0.16605418284243828	0.4074974636024601	5.109168175825641e-23
geomean_min_prob_filter0	0.014930385372203252	0.12218995610197776	0.10224661732298111	0.0691731165390124	0.26300782600335754	0.0003610288315990607	0.12594846097992007	0.3548921821904789	1.0172623060155778e-06	0.05472957402910506	0.23394352743580032	3.7922043252347795e-08
geomean_min_pplx_none	0.9631229319047334	-0.9813882676620571	1.6807580166615016e-129	0.9651142733337672	-0.9824022970930836	1.200591934473348e-131	0.9705093610363259	-0.98514433512878	3.840954658271204e-138	0.7871795019891492	-0.8872313689163325	6.663654785524646e-183
geomean_min_pplx_filter0	0.9735116462924903	-0.9866669378734094	2.715038344741769e-142	0.9719565960693487	-0.9858785909377222	4.356741826863942e-140	0.9683636550696405	-0.984054701258848	1.993438986788806e-135	0.8933660187751791	-0.9451804159921952	1.1605379123727069e-263
geomean_min_count_none	0.015880260239805676	-0.12601690457952724	0.09186476266100659	0.03600636316434912	-0.18975342727958597	0.010732316668835343	0.05231055667979862	-0.22871501192488136	0.002013757778223291	0.019388639512910862	0.1392430950277638	0.00117848966998488
geomean_min_count_filter0	0.5399232485151866	-0.7347946982084088	7.939940929963903e-32	0.46129049843514097	-0.6791837000658518	1.0762706002977089e-25	0.48526958321137403	-0.6966129364369958	1.8247805062966654e-27	0.5243780686292623	-0.7241395367118566	7.231726812606069e-89
geomean_min_normcount_filter0	0.5393617898077344	-0.7344125474198643	8.854814246908037e-32	0.4800507295385141	-0.6928569329511787	4.5022290087825535e-27	0.5045096983721958	-0.71028846138185	6.032202431135203e-29	0.5260951461615877	-0.7253241662605677	2.729070036676723e-89
geomean_join_prob_none	0.3982665285638808	0.6310836145582301	2.1848998474283228e-21	0.2349183895630436	0.4846838036937521	5.409015172305878e-12	0.3542443031983653	0.5951842598711472	1.2395076794538247e-18	0.22366301522976598	0.47293024351352914	1.91569409092153e-31
geomean_join_prob_filter0	0.017617989428632172	0.13273277450815293	0.0756903263182466	0.11225080329659863	0.3350385101695007	4.280627230444199e-06	0.16066340561528963	0.4008283992125429	2.464176115227815e-08	0.068865081848879	0.2624215727581843	5.908440986731969e-10
geomean_join_pplx_none	0.9692070180230465	-0.9844831222641892	1.7990397351932976e-136	0.961003904454994	-0.9803080660970784	2.4296284676956845e-127	0.9692451752918205	-0.9845025014147097	1.6110407958400888e-136	0.8295988491564209	-0.9108231711789182	6.963969174635836e-209
geomean_join_count_none	0.9481906716917063	-0.9737508262855064	2.3434145862408198e-116	0.4502616370950654	-0.6710153776889658	6.61268098407478e-25	0.19623778639141387	-0.442987343376099	4.750109087611849e-10	0.18912541775185335	-0.43488552258249913	2.5300635979744535e-26
geomean_join_count_filter0	0.5072338724297974	-0.7122035330085056	3.6833065194790084e-29	0.4288764982282901	-0.6548866300576689	2.021950250174025e-23	0.42688618518757515	-0.6533652769986902	2.7619795814754414e-23	0.48413869788532243	-0.6958007601931191	2.3140513702701165e-79
geomean_join_normcount_filter0	0.5020353364483388	-0.7085445197362963	9.420202725278817e-29	0.40844588095582185	-0.6390977084576519	4.727529263474447e-22	0.4255497955621168	-0.652341778182355	3.403366235430799e-23	0.4739011270516454	-0.6884047697769426	4.621019964119335e-77
max_sum_prob_none	0.43623588461219515	0.6604815550885544	6.32216595232017e-24	0.2902067544987547	0.5387084132429665	6.1629252118879266e-15	0.4555399879938803	0.6749370252059671	2.7860692024892093e-25	0.36658063472811253	0.6054590281167773	2.5577209777591522e-55
max_sum_prob_filter0	0.6556140834005879	0.8096999959247795	4.608681145229893e-43	0.39020545682230445	0.6246642752889783	7.212984112604302e-21	0.516506185924573	0.7186836480152954	6.732000388145686e-30	0.5366931376438344	0.7325934327059139	6.158595810881765e-92
max_sum_prob_prefix0	2.113329765760982e-05	-0.004597096655239024	0.9511623702310021	0.005649789933844221	0.07516508453959339	0.3159384021449604	0.013419438334818902	-0.11584229941959415	0.12148317805325583	0.011880343821827306	0.10899698996682113	0.011259280676063394
max_sum_pplx_none	0.1858329633517354	-0.43108347608292225	1.5313046509396942e-09	0.03143948431702915	-0.1773118279106872	0.017255677757385603	0.2769995321540577	-0.5263074502171309	3.2518272273109374e-14	0.0722270710930794	-0.2687509462180169	2.182895772542541e-10
max_sum_count_none	0.08426320647830125	-0.2902812540938551	7.72246363113392e-05	0.6123747109109713	-0.7825437437683412	1.7773560953222835e-38	0.0018779861334347425	-0.043335737370382224	0.5635133686270544	0.19384537333215646	-0.4402787450379094	5.198438522976841e-27
max_sum_count_filter0	0.20759503987617914	-0.455625986831501	1.3032874095842334e-10	0.6472811191245706	-0.804537829517401	3.894247466714044e-42	0.15070586327410335	-0.38820853065601657	7.253544643433893e-08	0.275620520150652	-0.5249957334594749	1.3963493321533208e-39
max_sum_count_prefix0	0.566981018823407	0.7529814199722374	3.5207012685533903e-34	0.5957029993414975	0.7718179832975502	7.644144638723207e-37	0.5308958428142375	0.7286259965265016	4.513098471924004e-31	0.5588276947925261	0.7475477876313501	1.1526368831232872e-97
max_sum_normcount_filter0	0.7338596389694806	-0.8566560797481569	4.756624979781029e-53	0.5995420525087114	-0.7743010089808171	3.259708930790692e-37	0.6518175465304226	-0.8073521824646432	1.2262809640146388e-42	0.6298138043422742	-0.7936080924122902	3.4778328230739385e-118
max_sum_normcount_prefix0	0.529342387386856	0.7275591985445968	6.065754576662811e-31	0.7159858635510866	0.8461594787929085	1.5666505087185725e-50	0.6278696627992492	0.792382270624002	4.651880906327391e-40	0.5841925160877609	0.7643248760100386	1.3630999794956096e-104
max_mean_prob_none	0.43623588461219504	0.6604815550885543	6.322165952320281e-24	0.2902067544987546	0.5387084132429664	6.1629252118880126e-15	0.4555399879938804	0.6749370252059672	2.7860692024891584e-25	0.3665806347281128	0.6054590281167775	2.557720977758898e-55
max_mean_prob_filter0	0.6556140834005881	0.8096999959247796	4.6086811452296275e-43	0.39020545682230445	0.6246642752889783	7.212984112604302e-21	0.516506185924573	0.7186836480152954	6.732000388145686e-30	0.5366931376438341	0.7325934327059137	6.158595810883166e-92
max_mean_prob_prefix0	2.113329765760206e-05	-0.00459709665523818	0.9511623702310021	0.005649789933844224	0.0751650845395934	0.3159384021449604	0.013419438334818954	-0.11584229941959437	0.12148317805325583	0.011880343821827339	0.10899698996682128	0.011259280676063394
max_mean_pplx_none	0.1858329633517353	-0.43108347608292213	1.5313046509397135e-09	0.031439484317029115	-0.1773118279106871	0.017255677757385603	0.2769995321540577	-0.5263074502171309	3.2518272273109374e-14	0.07222707109307931	-0.2687509462180167	2.1828957725426807e-10
max_mean_count_none	0.08426320647830125	-0.2902812540938551	7.72246363113392e-05	0.6123747109109713	-0.7825437437683412	1.7773560953222835e-38	0.001877986133434752	-0.043335737370382335	0.5635133686270428	0.19384537333215646	-0.4402787450379094	5.198438522976841e-27
max_mean_count_filter0	0.20759503987617903	-0.4556259868315009	1.3032874095842665e-10	0.6472811191245705	-0.8045378295174009	3.894247466714154e-42	0.15070586327410335	-0.38820853065601657	7.253544643433893e-08	0.275620520150652	-0.5249957334594749	1.3963493321533208e-39
max_mean_count_prefix0	0.5669810188234067	0.7529814199722372	3.5207012685536323e-34	0.5957029993414975	0.7718179832975502	7.644144638723207e-37	0.5308958428142374	0.7286259965265015	4.513098471924099e-31	0.5588276947925261	0.7475477876313501	1.1526368831232872e-97
max_mean_normcount_filter0	0.7441880977212377	-0.8626633745101491	1.394439711440336e-54	0.5995420525087113	-0.774301008980817	3.259708930790773e-37	0.6518175465304225	-0.8073521824646431	1.2262809640146737e-42	0.6332137246176661	-0.7957472743388231	2.8988446747528696e-119
max_mean_normcount_prefix0	0.5293423873868562	0.7275591985445969	6.065754576662683e-31	0.7159858635510863	0.8461594787929083	1.5666505087187634e-50	0.6278696627992488	0.7923822706240018	4.651880906327763e-40	0.5841925160877609	0.7643248760100386	1.3630999794956096e-104
max_median_prob_none	0.44266223143139016	0.6653286642189634	2.2627732606810125e-24	0.11816871770674515	0.3437567711431226	2.305289400256076e-06	0.4328398352014286	0.6579056430837393	1.0830761002257132e-23	0.38337901148769876	0.6191760747054902	1.812059279816088e-58
max_median_prob_filter0	0.41724143234563255	0.6459422825188273	1.2334175275457934e-22	0.2715913376510197	0.5211442580044605	6.372319913918922e-14	0.4961674655991428	0.7043915570186392	2.687581647726979e-28	0.2533845084730601	0.5033731304639334	4.956907555400021e-36
max_median_prob_prefix0	0.0003183379111720427	0.017842026543306192	0.8120927155019244	6.9274881600659e-05	-0.008323153344776185	0.9117029523092589	0.0008836259387011035	0.02972584630756715	0.6920141384912635	0.010310944283568	0.1015428199508365	0.0182612711833897
max_median_pplx_none	0.5378909624521324	-0.733410500642125	1.1775548651283318e-31	0.6216117452243196	-0.7884235823618669	2.062312518423041e-39	0.5077444810626527	-0.7125619138451428	3.3570013321125896e-29	0.39458981482397393	-0.6281638439324361	1.2835841693973366e-60
max_median_pplx_filter0	0.1252828769790938	-0.35395321298032284	1.0912375478939865e-06	0.4628634408453722	-0.680340679987146	8.282785208035603e-26	0.10238464684093064	-0.3199760097896882	1.1939125515334907e-05	0.054234760199031895	-0.23288357649055438	4.384145918651491e-08
max_median_count_none	0.2133746670064597	-0.4619249581982551	6.705172422891411e-11	0.5544442303653488	-0.7446101197038278	4.513958549560175e-33	0.024971553204669268	0.15802390073868341	0.03411808391795749	0.17544854974244695	-0.4188657896539737	2.3612855301157733e-24
max_median_count_filter0	0.6366416940783578	-0.7978982980796223	5.528780011929059e-41	0.3250623137579403	-0.570142362711227	6.602823889802989e-17	0.2414676055621928	-0.49139353431052873	2.483767802233238e-12	0.29050739792361185	-0.5389873819706839	5.1027392792545945e-42
max_median_count_prefix0	0.502141749196066	0.708619608249776	9.241756838004564e-29	0.5475770511202868	0.7399844938377336	1.7717311460144896e-32	0.6043264919052992	0.7773843913440115	1.1140614572651041e-37	0.4672849995498407	0.6835824745777503	1.342082472681252e-75
max_median_normcount_filter0	0.1561640753426285	-0.39517600552491605	4.018872283942917e-08	0.549135397241915	-0.7410367043823909	1.3014506734689416e-32	0.45668553805389833	-0.6757851271328027	2.3070076388923353e-25	0.3410562602253919	-0.5840002227956698	1.0929400051588271e-50
max_median_normcount_prefix0	0.5134511390652258	0.7165550495706703	1.1826823872509503e-29	0.607154225519548	0.7792010174015098	5.870684639117378e-38	0.5597509948540969	0.7481650852947476	1.5466824672325442e-33	0.5470164099423981	0.739605577279132	1.4218956611564292e-94
max_geomean_prob_none	0.4026516853487509	0.6345484105635684	1.1334599735833814e-21	0.20764730920633906	0.45568334313022574	1.2955032154395072e-10	0.5241968876897108	0.7240144250563734	1.6041215372922117e-30	0.2549980059113179	0.5049732724722348	2.7612767049737775e-36
max_geomean_prob_filter0	0.4268993108974717	0.6533753216165052	2.756314148057938e-23	0.31180032511431666	0.558390835449792	3.80711487308008e-16	0.3612849177231516	0.601069811022939	4.627716280706876e-19	0.24307243028810235	0.49302376239700896	2.025922996380093e-34
max_geomean_prob_prefix0	2.113329765760206e-05	-0.00459709665523818	0.9511623702310021	0.005613019577566985	0.07492008794420216	0.3175228279177025	0.013184363332123588	-0.11482318290364359	0.12481741274875426	0.01183354579645088	0.1087821023719016	0.011421856899651875
max_geomean_pplx_none	0.7144824688573932	-0.8452706482881049	2.5088965552599476e-50	0.7048782350716951	-0.8395702680965395	4.799200707375737e-49	0.6722657954999478	-0.8199181639041471	5.5286438262697327e-45	0.5592557920467798	-0.7478340671878888	8.873795677633858e-98
max_geomean_count_none	0.19119240311587163	-0.43725553526041455	8.393375924413804e-10	0.5964400231886092	-0.7722952953298429	6.49439875318042e-37	0.001838228124617818	-0.04287456267552846	0.5676756181469638	0.21115905186057457	-0.4595204585876178	1.4496024840877243e-29
max_geomean_count_filter0	0.7300672915402424	-0.8544397530196277	1.6799317898701114e-52	0.594599863538637	-0.7711030174617637	9.750885014985222e-37	0.18686187175716934	-0.43227522686035263	1.3647369433517025e-09	0.3264100704723406	-0.5713230876416081	4.1326983095244763e-48
max_geomean_count_prefix0	0.6748672471079589	0.8215030414477836	2.7149403610085778e-45	0.6140195767384173	0.7835940126994446	1.2157237587561138e-38	0.48874923042596485	0.6991060223070352	9.94287983595735e-28	0.6041005024592837	0.7772390253064264	2.4866733065259134e-110
max_geomean_normcount_filter0	0.7528589858935449	-0.867674470002169	6.442644270255729e-56	0.5907073757468915	-0.7685748992433278	2.289794317193297e-36	0.6456803607304502	-0.803542382659714	5.83407700683593e-42	0.6401097016770323	-0.8000685606102969	1.7479797538482837e-121
max_geomean_normcount_prefix0	0.6589001167384251	0.8117266268507058	1.958528136874397e-43	0.661843655417278	0.8135377406225712	9.036062813777604e-44	0.5901093369217338	0.7681857437636641	2.6088427614863788e-36	0.6245404310104392	0.7902787046418746	1.568842533999137e-116
max_max_prob_none	0.42743601385913704	0.6537859082751303	2.5342436940055857e-23	0.29402021565072534	0.5422363097863563	3.7916585381847135e-15	0.4281313298696289	0.6543174534349736	2.2726726788401995e-23	0.3442662064040335	0.5867420271329075	2.924802026204667e-51
max_max_prob_filter0	0.6447567122354184	0.8029674415786847	7.360479198482238e-42	0.3961022167451715	0.6293665201972309	3.015488252465819e-21	0.5780633783151908	0.7603047930371022	3.4704936283480705e-35	0.5256449071952691	0.7250137289701962	3.524826947195623e-89
max_max_prob_prefix0	0.004797176893691219	0.06926165529130256	0.355549376266485	0.0010823937149507846	0.03289975250591993	0.661067260672119	0.00022326786653230544	0.014942150666229592	0.8421966610543096	0.016104210609270947	0.12690236644472375	0.003136206048329162
max_max_pplx_none	0.1305146849425064	-0.36126816209362594	6.277897812514114e-07	0.006823163576762253	-0.08260244292248416	0.2702911135291712	0.21646669379579817	-0.4652598132181611	4.6903112666431245e-11	0.04256663204170221	-0.20631682442714702	1.3289274566256043e-06
max_max_count_none	0.014249779488565203	-0.11937244023879717	0.11046551570880489	0.39371044104506037	-0.6274634977790026	4.2995149135575184e-21	0.003875389842226497	-0.06225262919930769	0.40642933154331373	0.08598678571572245	-0.29323503493907827	3.6072918160987247e-12
max_max_count_filter0	0.013334592176892947	-0.11547550466178075	0.12267516978661468	0.36064696319708195	-0.6005388939919561	5.062046612368494e-19	0.0728394177571437	0.26988778734345076	0.00024837901272419525	0.05496924264050126	-0.234455203910046	3.534877954835946e-08
max_max_count_prefix0	0.5637583255802989	0.7508384150936198	6.830342877227797e-34	0.44123946219626087	0.6642585808224541	2.8436002960415255e-24	0.4049720345038549	0.6363741309197404	7.993884023538233e-22	0.4130266860023245	0.6426715226321488	3.058866586109473e-64
max_max_normcount_prefix0	0.5131679009389197	0.7163573835306786	1.2458901623081903e-29	0.5861328686670955	0.7655931482628978	6.180989197097353e-36	0.559419095026295	0.747943243185133	1.6544590877321834e-33	0.5419091757679335	0.7361448062493775	2.9153123032811706e-93
max_min_prob_none	0.20167110960250884	0.44907806626744623	2.563904644661321e-10	0.3015963883374736	0.5491779204752077	1.4337171961943128e-15	0.301981829812427	0.5495287342918721	1.3641374904866283e-15	0.12259998193476039	0.35014280220327304	5.0896707100870106e-17
max_min_prob_filter0	0.20409897902408614	0.45177314995923135	1.9440369238044645e-10	0.28070459890533805	0.5298156272755061	2.045335484411705e-14	0.28289166240765384	0.5318756080209487	1.553953200854724e-14	0.12341197742442171	0.3513004090866131	3.954850727971706e-17
max_min_prob_prefix0	2.113329765760206e-05	-0.00459709665523818	0.9511623702310021	0.005613019577566985	0.07492008794420216	0.3175228279177025	0.01300956326024754	-0.11405947247049471	0.12736208375984429	0.011793791004886362	0.10859922193499529	0.01156185082382928
max_min_pplx_none	0.6682204211163477	-0.8174475035843878	1.6523015315426164e-44	0.6069530843209706	-0.7790719378343508	6.145322552022451e-38	0.7235438141149345	-0.8506137866946047	1.4132283841623518e-51	0.5819180019153172	-0.7628355012159025	5.924820289144596e-104
max_min_pplx_filter0	0.2161497329622289	-0.4649190606570448	4.865614051582402e-11	0.5669130460634814	-0.7529362828709222	3.570439104237201e-34	0.38611119230940427	-0.6213784614141403	1.3152028073311718e-20	0.17941409052809754	-0.42357300495675776	6.38536650835001e-25
max_min_count_none	0.176362237312663	-0.419955042013622	4.393595262328848e-09	0.6055529593288929	-0.7781728338414885	8.442687072739852e-38	0.23594964280114777	0.4857464799678406	4.7871159135370655e-12	0.16501872135910095	-0.4062249639782136	7.155573612639148e-23
max_min_count_filter0	0.4728860739290282	-0.6876671243625277	1.5331757789416884e-26	0.3750563961771825	-0.612418481250511	6.530901646705238e-20	0.2018233596255082	-0.4492475482687782	2.5198464246337244e-10	0.27522270951890004	-0.5246167263049283	1.6197329068675608e-39
max_min_count_prefix0	0.5900169869743156	0.768125632285706	2.6618818348449608e-36	0.025451225836823736	0.15953440330168203	0.03242050767603671	0.36556098875105236	0.6046163980170008	2.5307389698068503e-19	0.4246212830015397	0.6516297131051804	1.408748995145556e-66
max_min_normcount_filter0	0.7180803120901369	-0.8473961954659325	8.095664749768966e-51	0.35044606833025077	-0.5919848548149275	2.099906769571221e-18	0.5858371304510909	-0.7653999806970803	6.588332247830193e-36	0.5710408384136066	-0.7556724412161705	5.988270677927766e-101
max_min_normcount_prefix0	0.6826786702547096	0.8262437111740758	3.099789014672344e-46	0.1789848431707144	0.4230660033265665	3.2848978675048733e-09	0.4210333149133987	0.6488707998618821	6.86866810480208e-23	0.38770663182024234	0.6226609284516271	2.709910428821084e-59
max_join_prob_none	0.42743601385913704	0.6537859082751303	2.5342436940055857e-23	0.29402021565072534	0.5422363097863563	3.7916585381847135e-15	0.4281313298696289	0.6543174534349736	2.2726726788401995e-23	0.3442662064040335	0.5867420271329075	2.924802026204667e-51
max_join_prob_filter0	0.6447567122354184	0.8029674415786847	7.360479198482238e-42	0.3961022167451715	0.6293665201972309	3.015488252465819e-21	0.5780633783151908	0.7603047930371022	3.4704936283480705e-35	0.5256449071952691	0.7250137289701962	3.524826947195623e-89
max_join_prob_prefix0	0.004797176893691219	0.06926165529130256	0.355549376266485	0.0010823937149507846	0.03289975250591993	0.661067260672119	0.00022326786653230544	0.014942150666229592	0.8421966610543096	0.016104210609270947	0.12690236644472375	0.003136206048329162
max_join_pplx_none	0.1305146849425064	-0.36126816209362594	6.277897812514114e-07	0.006823163576762253	-0.08260244292248416	0.2702911135291712	0.21646669379579817	-0.4652598132181611	4.6903112666431245e-11	0.04256663204170221	-0.20631682442714702	1.3289274566256043e-06
max_join_count_none	0.014249779488565203	-0.11937244023879717	0.11046551570880489	0.39371044104506037	-0.6274634977790026	4.2995149135575184e-21	0.003875389842226497	-0.06225262919930769	0.40642933154331373	0.08598678571572245	-0.29323503493907827	3.6072918160987247e-12
max_join_count_filter0	0.013334592176892947	-0.11547550466178075	0.12267516978661468	0.36064696319708195	-0.6005388939919561	5.062046612368494e-19	0.0728394177571437	0.26988778734345076	0.00024837901272419525	0.05496924264050126	-0.234455203910046	3.534877954835946e-08
max_join_count_prefix0	0.5637583255802989	0.7508384150936198	6.830342877227797e-34	0.44123946219626087	0.6642585808224541	2.8436002960415255e-24	0.4049720345038549	0.6363741309197404	7.993884023538233e-22	0.4130266860023245	0.6426715226321488	3.058866586109473e-64
max_join_normcount_prefix0	0.5131679009389197	0.7163573835306786	1.2458901623081903e-29	0.5861328686670955	0.7655931482628978	6.180989197097353e-36	0.559419095026295	0.747943243185133	1.6544590877321834e-33	0.5419091757679335	0.7361448062493775	2.9153123032811706e-93
min_sum_prob_none	0.09535204101126622	0.3087912579903554	2.4698007815038946e-05	0.025481828614587965	0.15963028727214634	0.032315214253251096	0.030057230106731624	0.17337021112847392	0.01994111076621205	0.052651558099659296	0.2294592732919271	6.971599549932737e-08
min_sum_prob_filter0	0.08844943632773619	0.2974044995082223	5.0257285996323896e-05	0.024926548552140507	0.15788143827613335	0.03428200854430809	0.022898465237738745	0.15132238842200035	0.04258566515692466	0.05282584271984338	0.22983873198363103	6.624666548923356e-08
min_sum_pplx_none	0.6865845120099269	-0.8286039536533282	1.0265945136212413e-46	0.6690058062460886	-0.8179277512385117	1.3373123246297373e-44	0.6956027781627682	-0.8340280439905892	7.587711232892095e-48	0.5674254360864311	-0.7532764672326032	5.743610620744203e-100
min_sum_pplx_filter0	0.31624583315452526	-0.5623573891703791	2.1239102805761057e-16	0.3950752530601764	-0.6285501197678482	3.5122116850876996e-21	0.40982151558132673	-0.640173035656241	3.8364929884248875e-22	0.36142595008092165	-0.6011871173610772	2.2790738820897114e-54
min_sum_pplx_prefix0	0.0001265917372595173	0.011251299358719298	0.8808394707093147	0.005985041820327734	-0.07736305203601868	0.3019544683099515	0.013789792208665358	0.11742994596211546	0.11642702155658276	0.012756331648995289	-0.11294393143943277	0.008616462427425737
min_sum_count_none	0.15929259892719635	0.39911476911684984	2.8608433320373552e-08	0.44226710038945155	0.6650316536748093	2.4111457650606177e-24	0.004988714872136739	0.0706308351369056	0.34609657427349794	0.10803333943543462	0.3286842549247448	4.538819134905451e-15
min_sum_count_filter0	0.635361768230378	-0.7970958337805926	7.567833348035166e-41	0.36509095859150753	-0.604227571856422	2.704854261551001e-19	0.5777880655347702	-0.7601237172557966	3.6787900953359467e-35	0.5501039414662895	-0.7416899227212741	2.2524135462904033e-95
min_sum_normcount_filter0	0.5944822364960854	-0.771026741751598	1.0006899508056498e-36	0.5948313909825956	-0.771253130290306	9.265740642194569e-37	0.6526561970290107	-0.8078713988185314	9.887885471263173e-43	0.5409653487654922	-0.7355034661818339	5.075912711251601e-93
min_mean_prob_none	0.09535204101126622	0.3087912579903554	2.4698007815038946e-05	0.02548182861458796	0.15963028727214632	0.032315214253251096	0.030057230106731614	0.1733702111284739	0.01994111076621205	0.05265155809965931	0.22945927329192714	6.971599549932737e-08
min_mean_prob_filter0	0.08844943632773619	0.2974044995082223	5.0257285996323896e-05	0.024926548552140496	0.15788143827613332	0.03428200854430809	0.022898465237738745	0.15132238842200035	0.04258566515692466	0.05282584271984336	0.229838731983631	6.624666548923356e-08
min_mean_pplx_none	0.6865845120099269	-0.8286039536533282	1.0265945136212413e-46	0.6690058062460883	-0.8179277512385115	1.3373123246298573e-44	0.6956027781627679	-0.834028043990589	7.587711232892466e-48	0.5674254360864311	-0.7532764672326032	5.743610620744203e-100
min_mean_pplx_filter0	0.31624583315452504	-0.5623573891703789	2.123910280576199e-16	0.3950752530601765	-0.6285501197678484	3.512211685087584e-21	0.40982151558132673	-0.640173035656241	3.8364929884248875e-22	0.36142595008092177	-0.6011871173610773	2.279073882089517e-54
min_mean_pplx_prefix0	0.00012659173725951668	0.01125129935871927	0.8808394707093147	0.00598504182032777	-0.07736305203601891	0.3019544683099515	0.013789792208665407	0.11742994596211567	0.11642702155658276	0.012756331648995301	-0.11294393143943282	0.008616462427425737
min_mean_count_none	0.15929259892719635	0.39911476911684984	2.8608433320373552e-08	0.44226710038945155	0.6650316536748093	2.4111457650606177e-24	0.004988714872136743	0.07063083513690563	0.34609657427349794	0.10803333943543451	0.3286842549247446	4.538819134905612e-15
min_mean_count_filter0	0.6353617682303784	-0.7970958337805928	7.567833348034547e-41	0.36509095859150753	-0.604227571856422	2.704854261551001e-19	0.5777880655347701	-0.7601237172557965	3.6787900953360755e-35	0.5501039414662894	-0.741689922721274	2.2524135462906595e-95
min_mean_normcount_filter0	0.5944822364960854	-0.771026741751598	1.0006899508056498e-36	0.5948313909825959	-0.7712531302903061	9.265740642194342e-37	0.6526561970290108	-0.8078713988185315	9.887885471262609e-43	0.5409653487654923	-0.735503466181834	5.075912711251313e-93
min_median_prob_none	0.0897400872858248	0.2995664989377564	4.401493763450049e-05	0.02820472879165089	0.1679426354195113	0.024226399293731084	0.0340395249367987	0.18449803504861156	0.01316115003243499	0.049650769491320974	0.22282452623380797	1.6778229220662632e-07
min_median_prob_filter0	0.07802422227564709	0.2793281623389362	0.00014625796171035928	0.027101444627543166	0.16462516401675403	0.027217746545518104	0.03731172619223804	0.19316243473366668	0.009376686107743532	0.044544924976946385	0.21105668664353278	7.459398743370733e-07
min_median_pplx_none	0.7185668664918902	-0.8476832347592408	6.939715761898566e-51	0.6240046865165972	-0.7899396727070981	1.170363081929315e-39	0.618941605308067	-0.7867284190291253	3.8642805064227134e-39	0.5078270780053624	-0.7126198692187599	7.284149897844761e-85
min_median_pplx_filter0	0.45915279491891503	-0.6776081426008066	1.534554924895096e-25	0.46371812866660717	-0.6809685225225959	7.18179522210244e-26	0.2486166522885376	-0.4986147333247761	1.0544415803115493e-12	0.3576762054383879	-0.5980603693929133	1.1066196988333094e-53
min_median_pplx_prefix0	0.0003690118659007701	-0.019209681566875858	0.7979870965992965	0.00022777943927508744	0.015092363607967025	0.8406312529283475	0.0010954743328844292	-0.03309795058435536	0.6591530031920825	0.010387380652551308	-0.10191850005053699	0.01783357719818164
min_median_count_filter0	0.4597256714006264	-0.678030730424976	1.3955811962764894e-25	0.46374149767218065	-0.6809856809597252	7.153819608695739e-26	0.4975585007737009	-0.7053782678632089	2.098476902355618e-28	0.47836390691784947	-0.6916385666790491	4.650382628206642e-78
min_median_normcount_filter0	0.582252398177362	-0.7630546495352492	1.4229610491717375e-35	0.47900819165993913	-0.6921041768837544	5.386567173990439e-27	0.5012801223827844	-0.7080113857719976	1.0788366693155497e-28	0.4606435327547082	-0.6787072511434574	3.787411943229173e-74
min_geomean_prob_none	0.01749600728892232	0.13227247366297465	0.07671984292547379	0.03118078298355156	0.17658081148174498	0.017728544976280267	0.05557745533776805	0.2357487122717069	0.0014430821920246798	0.01483008749117691	0.12177884664906673	0.004598643225912662
min_geomean_prob_filter0	0.001712518973225141	0.04138259263537195	0.5812401630879425	0.0011454616178709655	0.033844668972690006	0.65196091684163	0.023345303881541365	0.15279170095768083	0.040592006402727546	0.007490099695557629	0.08654536206844148	0.04440524520087882
min_geomean_pplx_none	0.7100115508880649	-0.8426218314808043	1.0032049261423096e-49	0.7042282814102877	-0.8391831036253576	5.8397894136699795e-49	0.7172821678587876	-0.8469251252966744	1.0417515610011338e-50	0.5786782144786162	-0.7607090208999866	4.739017947367791e-103
min_geomean_pplx_filter0	0.4325079537878702	-0.6576533690234319	1.1413862845073458e-23	0.5258467698770672	-0.7251529286137285	1.175727545921556e-30	0.41209802029545023	-0.6419486118806164	2.712568862493701e-22	0.41826899881074336	-0.6467371945471695	2.7213343013297754e-65
min_geomean_pplx_prefix0	0.000163672632185553	0.012793460524250387	0.8646535222248743	0.00675374064335991	-0.08218114530328663	0.2727503813927933	0.013701338693438841	0.11705271758245872	0.1176132702908328	0.01297386786686349	-0.11390288787762798	0.008064495552504556
min_geomean_count_none	0.16820849774345883	0.41013229297808146	1.07962235049125e-08	0.5071233377917388	0.7121259283242949	3.757971301855987e-29	0.024598535499056322	0.1568392026856051	0.035501676632695	0.10112716260877616	0.3180049726164296	3.7313619659164024e-14
min_geomean_count_filter0	0.5245179505751568	-0.7242361152104725	1.510137464950715e-30	0.3946962081836934	-0.6282485242192721	3.715312208086852e-21	0.48878659254339674	-0.6991327431492511	9.878048605210488e-28	0.49776251947347766	-0.7055228695609219	1.7044390835701918e-82
min_geomean_normcount_filter0	0.5151246221885576	-0.7177218278612945	8.689666835284457e-30	0.4683346940245868	-0.6843498330712054	3.3109672415565847e-26	0.5145598950686797	-0.7173283035463467	9.643346158105921e-30	0.5107137393000512	-0.714642385602793	1.492601281184516e-85
min_max_prob_none	0.1055975999497785	0.3249578433424534	8.555605422166349e-06	0.0358514806845142	0.18934487234808922	0.010905853641536326	0.026016965319026357	0.16129775360812176	0.030530053702789696	0.05802889174234759	0.24089186732297044	1.4402462776150087e-08
min_max_prob_filter0	0.08587105501849471	0.2930376341333903	6.548615075779256e-05	0.025060095324650738	0.1583038070440845	0.03379794362570624	0.022841296458651843	0.15113337308037508	0.04284799583643801	0.051125175445367904	0.22610876905898167	1.089948386385918e-07
min_max_pplx_none	0.6122605602064257	-0.7824708046990799	1.824715302514079e-38	0.41801578367574443	-0.6465414013624684	1.0947723391823033e-22	0.5506013334807529	-0.7420251569055816	9.727071913057448e-33	0.4534241662627839	-0.6733677793470548	1.3648823210714605e-72
min_max_pplx_filter0	0.12100093056155559	-0.3478518802041403	1.7125535924384938e-06	0.2782175834201941	-0.5274633479401143	2.792784378852824e-14	0.35991880265581355	-0.5999323317306824	5.607226861043829e-19	0.27340727815665955	-0.5228836181758418	3.1850845495917566e-39
min_max_pplx_prefix0	7.067588376766126e-06	-0.0026584936292506187	0.9717456255350236	0.004701350420379744	-0.06856639424951369	0.3604106831826638	0.013771558350640988	0.11735228310791822	0.11667047854994189	0.012536118875750664	-0.111964810881592	0.00921453894449436
min_max_count_none	0.003171026438462029	-0.0563118676520503	0.4527515774979376	0.14740788722831072	0.3839373480508385	1.0347758725162263e-07	0.0007728966176938792	0.027801018285197383	0.7110376120817932	0.02221884625073291	0.1490598747172857	0.00051038625339847
min_max_count_filter0	0.5512864179880329	-0.7424866449896812	8.486902835012658e-33	0.4747302583774262	-0.689006718673647	1.120207637858101e-26	0.4875219384314207	-0.6982277124487546	1.2323160706282524e-27	0.5099728486979471	-0.7141238328875091	2.244000325095546e-85
min_max_normcount_filter0	0.39457898581216866	-0.6281552242974412	3.780442919159838e-21	0.5212344707475258	-0.7219656991488763	2.794797814346191e-30	0.5854180593906997	-0.7651261722034476	7.211381751813079e-36	0.45242027009401864	-0.6726219369705531	2.2384569838278806e-72
min_min_prob_none	0.01571306181295465	0.1253517523330035	0.09360630254082833	1.1788770908273078e-05	0.0034334779609418026	0.9635141721031135	0.0012023211310632324	0.03467450260729391	0.6440058113633935	0.00036057840518610685	0.01898890215852688	0.6597347732426866
min_min_prob_filter0	0.0483900652759982	-0.21997741992304165	0.00300546429221501	1.2227024635340143e-05	0.0034967162646317392	0.9628426482873957	0.0016062336552530336	0.040077844942724074	0.5932243477849333	0.0004750076068189988	0.021794669229401	0.6133139031176651
min_min_pplx_none	0.6037872861227189	-0.7770375062522522	1.258163516482353e-37	0.650570231423855	-0.8065793398196206	1.6873984480723946e-42	0.6217932868469942	-0.7885387034553182	1.9758015876109854e-39	0.4686656973143619	-0.6845916281363379	6.667474420970379e-76
min_min_pplx_filter0	0.7064939983079862	-0.8405319734001713	2.9409045535422167e-49	0.5507763866239702	-0.7421431038714638	9.39410544384787e-33	0.4654983996765543	-0.6822744313518969	5.332057133036149e-26	0.49403805227183634	-0.7028784050401864	1.248390059352205e-81
min_min_pplx_prefix0	0.004560012598739187	-0.06752786535008483	0.36774876190997596	0.0007378900148060749	-0.02716413103351688	0.7173722959553699	0.0016560078510954007	-0.04069407636370926	0.5875502374249866	0.017401880125800406	-0.1319161859886815	0.002127823007123517
min_min_count_none	0.3801742520215915	0.6165827211506916	3.120864637899715e-20	0.4252006829478128	-0.6520741391496927	3.593896094055952e-23	0.008121340270844653	-0.0901184790752965	0.22894047196523254	0.054739389381760414	0.2339645045338297	3.781307560037084e-08
min_min_count_filter0	0.44300169248101917	-0.6655837231190522	2.142541854593745e-24	0.42025004813110256	-0.6482669574574217	7.753944004846554e-23	0.3917763433160759	-0.6259203969484266	5.722242239468902e-21	0.4289745974642328	-0.6549615236517583	1.817094643911833e-67
min_min_normcount_filter0	0.4960632748438683	-0.7043175951542516	2.737780260882425e-28	0.49793215431683935	-0.7056430785580196	1.9633120033536146e-28	0.5578005974810699	-0.7468604939887167	2.296168350566487e-33	0.48749933538575707	-0.69821152624814	3.974853441135388e-80
min_join_prob_none	0.01571306181295465	0.1253517523330035	0.09360630254082833	1.1788770908273078e-05	0.0034334779609418026	0.9635141721031135	0.0012023211310632324	0.03467450260729391	0.6440058113633935	0.00036057840518610685	0.01898890215852688	0.6597347732426866
min_join_prob_filter0	0.0483900652759982	-0.21997741992304165	0.00300546429221501	1.2227024635340143e-05	0.0034967162646317392	0.9628426482873957	0.0016062336552530336	0.040077844942724074	0.5932243477849333	0.0004750076068189988	0.021794669229401	0.6133139031176651
min_join_pplx_none	0.6037872861227189	-0.7770375062522522	1.258163516482353e-37	0.650570231423855	-0.8065793398196206	1.6873984480723946e-42	0.6217932868469942	-0.7885387034553182	1.9758015876109854e-39	0.4686656973143619	-0.6845916281363379	6.667474420970379e-76
min_join_pplx_filter0	0.7064939983079862	-0.8405319734001713	2.9409045535422167e-49	0.5507763866239702	-0.7421431038714638	9.39410544384787e-33	0.4654983996765543	-0.6822744313518969	5.332057133036149e-26	0.49403805227183634	-0.7028784050401864	1.248390059352205e-81
min_join_pplx_prefix0	0.004560012598739187	-0.06752786535008483	0.36774876190997596	0.0007378900148060749	-0.02716413103351688	0.7173722959553699	0.0016560078510954007	-0.04069407636370926	0.5875502374249866	0.017401880125800406	-0.1319161859886815	0.002127823007123517
min_join_count_none	0.3801742520215915	0.6165827211506916	3.120864637899715e-20	0.4252006829478128	-0.6520741391496927	3.593896094055952e-23	0.008121340270844653	-0.0901184790752965	0.22894047196523254	0.054739389381760414	0.2339645045338297	3.781307560037084e-08
min_join_count_filter0	0.44300169248101917	-0.6655837231190522	2.142541854593745e-24	0.42025004813110256	-0.6482669574574217	7.753944004846554e-23	0.3917763433160759	-0.6259203969484266	5.722242239468902e-21	0.4289745974642328	-0.6549615236517583	1.817094643911833e-67
min_join_normcount_filter0	0.4960632748438683	-0.7043175951542516	2.737780260882425e-28	0.49793215431683935	-0.7056430785580196	1.9633120033536146e-28	0.5578005974810699	-0.7468604939887167	2.296168350566487e-33	0.48749933538575707	-0.69821152624814	3.974853441135388e-80
